dt=0.1

0.1 -0.936537653899 0.936537653899
0.2 -1.51600230178 1.51600230178
0.3 -1.8405818047 1.8405818047
0.4 -1.98644820586 1.98644820586
0.5 -2.00997205857 2.00997205857
0.6 -1.95251059561 1.95251059561
0.7 -1.84408819708 1.84408819708
0.8 -1.70621789973 1.70621789973
0.9 -1.55405801108 1.55405801108
1.0 -1.39805504183 1.39805504183
1.1 -1.24519062212 1.24519062212
1.2 -1.09992382767 1.09992382767
1.3 -0.964899841277 0.964899841277
1.4 -0.841479875709 0.841479875709
1.5 -0.730134813952 0.730134813952
1.6 -0.630735315365 0.630735315365
1.7 -0.542763591174 0.542763591174
1.8 -0.465466196891 0.465466196891
1.9 -0.397962652429 0.397962652429
2.0 -0.339321192133 0.339321192133
dt=0.07
0.07 -0.46791176994 0.46791176994
0.14 -0.809187072786 0.809187072786
0.21 -1.04954099075 1.04954099075
0.28 -1.21004519244 1.21004519244
0.35 -1.30791430957 1.30791430957
0.42 -1.35716441465 1.35716441465
0.49 -1.36916383172 1.36916383172
0.56 -1.35309337582 1.35309337582
0.63 -1.31633045941 1.31633045941
0.7 -1.26476925268 1.26476925268
0.77 -1.20308717916 1.20308717916
0.84 -1.13496641469 1.13496641469
0.91 -1.06327769363 1.06327769363
0.98 -0.99023257242 0.99023257242
1.05 -0.917509325326 0.917509325326
1.12 -0.846356823865 0.846356823865
1.19 -0.777680055733 0.777680055733
1.26 -0.712110352462 0.712110352462
1.33 -0.65006290012 0.65006290012
1.4 -0.591783690344 0.591783690344
1.47 -0.537387717729 0.537387717729
1.54 -0.48688993395 0.48688993395
1.61 -0.440230220321 0.440230220321
1.68 -0.397293431505 0.397293431505
1.75 -0.357925387586 0.357925387586
1.82 -0.321945544449 0.321945544449
1.89 -0.289156948956 0.289156948956
1.96 -0.259353982042 0.259353982042
dt=0.5
0.5 -18.3939720586 18.3939720586
1.0 -6.76676416183 6.76676416183
1.5 -2.48935341839 2.48935341839
2.0 -0.915781944437 0.915781944437
dt=0.05
0.05 -0.241870901798 0.241870901798
0.1 -0.436537653899 0.436537653899
0.15 -0.590911034086 0.590911034086
0.2 -0.711002301782 0.711002301782
0.25 -0.802032985632 0.802032985632
0.3 -0.868531804701 0.868531804701
0.35 -0.91442018957 0.91442018957
0.4 -0.943087705861 0.943087705861
0.45 -0.95745853703 0.95745853703
0.5 -0.960050053572 0.960050053572
0.55 -0.953024380404 0.953024380404
0.6 -0.93823377156 0.93823377156
0.65 -0.917260510056 0.917260510056
0.7 -0.8914519696 0.8914519696
0.75 -0.861951402689 0.861951402689
0.8 -0.829724955474 0.829724955474
0.85 -0.795585352803 0.795585352803
0.9 -0.760212646229 0.760212646229
0.95 -0.724172372767 0.724172372767
1.0 -0.687931432302 0.687931432302
1.05 -0.651871956073 0.651871956073
1.1 -0.616303407199 0.616303407199
1.15 -0.581473126314 0.581473126314
1.2 -0.547575510627 0.547575510627
1.25 -0.514759992736 0.514759992736
1.3 -0.483137966103 0.483137966103
1.35 -0.452788786835 0.452788786835
1.4 -0.423764966124 0.423764966124
1.45 -0.396096654197 0.396096654197
1.5 -0.369795504632 0.369795504632
1.55 -0.344857997293 0.344857997293
1.6 -0.321268288772 0.321268288772
1.65 -0.29900065093 0.29900065093
1.7 -0.278021550798 0.278021550798
1.75 -0.258291418619 0.258291418619
1.8 -0.239766145118 0.239766145118
1.85 -0.222398343995 0.222398343995
1.9 -0.206138411238 0.206138411238
1.95 -0.190935408877 0.190935408877
2.0 -0.176737797365 0.176737797365
dt=0.03
0.03 -0.0882266792124 0.0882266792124
0.06 -0.166021835858 0.166021835858
0.09 -0.234310570564 0.234310570564
0.12 -0.293945053328 0.293945053328
0.15 -0.345709914086 0.345709914086
0.18 -0.390327250752 0.390327250752
0.21 -0.428461281121 0.428461281121
0.24 -0.460722663253 0.460722663253
0.27 -0.487672507269 0.487672507269
0.3 -0.509826099956 0.509826099956
0.33 -0.527656362125 0.527656362125
0.36 -0.541597057286 0.541597057286
0.39 -0.552045768991 0.552045768991
0.42 -0.55936666296 0.55936666296
0.45 -0.563893049046 0.563893049046
0.48 -0.565929757051 0.565929757051
0.51 -0.565755339451 0.565755339451
0.54 -0.563624113196 0.563624113196
0.57 -0.559768051908 0.559768051908
0.6 -0.554398539037 0.554398539037
0.63 -0.54770799181 0.54770799181
0.66 -0.539871365105 0.539871365105
0.69 -0.531047543791 0.531047543791
0.72 -0.521380631461 0.521380631461
0.75 -0.511001142935 0.511001142935
0.78 -0.500027107421 0.500027107421
0.81 -0.488565088721 0.488565088721
0.84 -0.476711128438 0.476711128438
0.87 -0.464551617729 0.464551617729
0.9 -0.452164102746 0.452164102746
0.93 -0.439618028567 0.439618028567
0.96 -0.426975426074 0.426975426074
0.99 -0.414291545928 0.414291545928
1.02 -0.401615443482 0.401615443482
1.05 -0.388990518236 0.388990518236
1.08 -0.376455011155 0.376455011155
1.11 -0.364042462944 0.364042462944
1.14 -0.351782136172 0.351782136172
1.17 -0.339699403896 0.339699403896
1.2 -0.327816107299 0.327816107299
1.23 -0.316150884625 0.316150884625
1.26 -0.30471947356 0.30471947356
1.29 -0.293534989061 0.293534989061
1.32 -0.282608178463 0.282608178463
1.35 -0.271947655592 0.271947655592
1.38 -0.26156011547 0.26156011547
1.41 -0.251450531086 0.251450531086
1.44 -0.241622333607 0.241622333607
1.47 -0.232077577304 0.232077577304
1.5 -0.222817090357 0.222817090357
1.53 -0.213840612645 0.213840612645
1.56 -0.205146921532 0.205146921532
1.59 -0.196733946573 0.196733946573
1.62 -0.188598874033 0.188598874033
1.65 -0.180738242 0.180738242
1.68 -0.173148026859 0.173148026859
1.71 -0.165823721796 0.165823721796
1.74 -0.158760407992 0.158760407992
1.77 -0.151952819083 0.151952819083
1.8 -0.145395399439 0.145395399439
1.83 -0.139082356768 0.139082356768
1.86 -0.133007709508 0.133007709508
1.89 -0.127165329444 0.127165329444
1.92 -0.121548979953 0.121548979953
1.95 -0.116152350227 0.116152350227
1.98 -0.110969085841 0.110969085841
dt=0.02
0.02 -0.0394719576162 0.0394719576162
0.04 -0.0758173193318 0.0758173193318
0.06 -0.109221835858 0.109221835858
0.08 -0.139861448311 0.139861448311
0.1 -0.167902773899 0.167902773899
0.12 -0.193503568528 0.193503568528
0.14 -0.216813167378 0.216813167378
0.16 -0.237972904493 0.237972904493
0.18 -0.257116512328 0.257116512328
0.2 -0.274370502207 0.274370502207
0.22 -0.289854526565 0.289854526565
0.24 -0.303681723819 0.303681723819
0.26 -0.315959046681 0.315959046681
0.28 -0.326787574685 0.326787574685
0.3 -0.336262811656 0.336262811656
0.32 -0.344474968829 0.344474968829
0.34 -0.351509234289 0.351509234289
0.36 -0.357446029368 0.357446029368
0.38 -0.36236125261 0.36236125261
0.4 -0.366326511891 0.366326511891
0.42 -0.369409345242 0.369409345242
0.44 -0.371673430916 0.371673430916
0.46 -0.373178787189 0.373178787189
0.48 -0.3739819624 0.3739819624
0.5 -0.374136215671 0.374136215671
0.52 -0.373691688754 0.373691688754
0.54 -0.372695569429 0.372695569429
0.56 -0.371192246847 0.371192246847
0.58 -0.369223459198 0.369223459198
0.6 -0.366828434075 0.366828434075
0.62 -0.364044021879 0.364044021879
0.64 -0.360904822589 0.360904822589
0.66 -0.357443306224 0.357443306224
0.68 -0.353689927292 0.353689927292
0.7 -0.34967323351 0.34967323351
0.72 -0.345419969079 0.345419969079
0.74 -0.340955172765 0.340955172765
0.76 -0.336302271042 0.336302271042
0.78 -0.331483166532 0.331483166532
0.8 -0.326518321967 0.326518321967
0.82 -0.321426839889 0.321426839889
0.84 -0.316226538301 0.316226538301
0.86 -0.310934022452 0.310934022452
0.88 -0.305564752955 0.305564752955
0.9 -0.30013311041 0.30013311041
0.92 -0.294652456703 0.294652456703
0.94 -0.289135193147 0.289135193147
0.96 -0.283592815608 0.283592815608
0.98 -0.278035966779 0.278035966779
1.0 -0.272474485729 0.272474485729
1.02 -0.266917454863 0.266917454863
1.04 -0.261373244434 0.261373244434
1.06 -0.255849554697 0.255849554697
1.08 -0.250353455862 0.250353455862
1.1 -0.244891425918 0.244891425918
1.12 -0.239469386452 0.239469386452
1.14 -0.234092736566 0.234092736566
1.16 -0.228766384976 0.228766384976
1.18 -0.223494780383 0.223494780383
1.2 -0.218281940215 0.218281940215
1.22 -0.213131477814 0.213131477814
1.24 -0.208046628136 0.208046628136
1.26 -0.203030272062 0.203030272062
1.28 -0.198084959367 0.198084959367
1.3 -0.193212930431 0.19321293043
1.32 -0.188416136745 0.188416136745
1.34 -0.183696260282 0.183696260282
1.36 -0.179054731786 0.179054731786
1.38 -0.174492748029 0.174492748029
1.4 -0.170011288106 0.170011288106
1.42 -0.165611128796 0.165611128796
1.44 -0.161292859055 0.161292859055
1.46 -0.157056893672 0.157056893672
1.48 -0.152903486145 0.152903486145
1.5 -0.148832740801 0.148832740801
1.52 -0.144844624222 0.144844624222
1.54 -0.140938975983 0.140938975983
1.56 -0.137115518775 0.137115518775
1.58 -0.133373867904 0.133373867904
1.6 -0.129713540242 0.129713540241
1.62 -0.12613396262 0.12613396262
1.64 -0.122634479722 0.122634479722
1.66 -0.119214361491 0.119214361491
1.68 -0.115872810074 0.115872810074
1.7 -0.11260896634 0.11260896634
1.72 -0.109421915984 0.109421915984
1.74 -0.106310695245 0.106310695245
1.76 -0.103274296258 0.103274296258
1.78 -0.100311672058 0.100311672058
1.8 -0.0974217412592 0.0974217412591
1.82 -0.0946033924232 0.0946033924231
1.84 -0.0918554881346 0.0918554881345
1.86 -0.0891768688028 0.0891768688028
1.88 -0.0865663562024 0.0865663562024
1.9 -0.0840227567675 0.0840227567675
1.92 -0.0815448646554 0.0815448646553
1.94 -0.0791314645905 0.0791314645904
1.96 -0.0767813345032 0.0767813345031
1.98 -0.0744932479739 0.0744932479738
2.0 -0.0722659764943 0.0722659764942
dt=0.01
0.01 -0.00993366533777 0.00993366533776
0.02 -0.0194719576162 0.0194719576162
0.03 -0.0286266792124 0.0286266792124
0.04 -0.0374093193318 0.0374093193318
0.05 -0.045831061798 0.045831061798
0.06 -0.0539027926579 0.0539027926579
0.07 -0.0616351076043 0.0616351076043
0.08 -0.0690383192213 0.0690383192213
0.09 -0.0761224640561 0.0761224640561
0.1 -0.0828973095218 0.0828973095217
0.11 -0.0893723606342 0.0893723606341
0.12 -0.0955568665877 0.0955568665877
0.13 -0.101459827173 0.101459827173
0.14 -0.107089999041 0.107089999041
0.15 -0.112455901816 0.112455901816
0.16 -0.11756582406 0.11756582406
0.17 -0.122427829098 0.122427829098
0.18 -0.1270497607 0.1270497607
0.19 -0.131439248623 0.131439248623
0.2 -0.135603714027 0.135603714027
0.21 -0.139550374753 0.139550374753
0.22 -0.143286250477 0.143286250477
0.23 -0.14681816774 0.14681816774
0.24 -0.150152764853 0.150152764853
0.25 -0.153296496687 0.153296496687
0.26 -0.156255639344 0.156255639344
0.27 -0.159036294717 0.159036294717
0.28 -0.161644394938 0.161644394938
0.29 -0.164085706717 0.164085706717
0.3 -0.166365835579 0.166365835579
0.31 -0.168490229994 0.168490229994
0.32 -0.170464185408 0.170464185408
0.33 -0.172292848175 0.172292848175
0.34 -0.173981219398 0.173981219398
0.35 -0.175534158667 0.175534158667
0.36 -0.176956387713 0.176956387713
0.37 -0.178252493972 0.178252493972
0.38 -0.179426934057 0.179426934057
0.39 -0.180484037151 0.180484037151
0.4 -0.181428008314 0.181428008314
0.41 -0.182262931703 0.182262931703
0.42 -0.182992773729 0.182992773729
0.43 -0.183621386117 0.183621386117
0.44 -0.184152508904 0.184152508904
0.45 -0.184589773359 0.184589773359
0.46 -0.184936704828 0.184936704828
0.47 -0.185196725516 0.185196725516
0.48 -0.185373157194 0.185373157194
0.49 -0.18546922384 0.185469223839
0.5 -0.185488054216 0.185488054216
0.51 -0.185432684385 0.185432684385
0.52 -0.185306060156 0.185306060156
0.53 -0.185111039475 0.185111039475
0.54 -0.18485039476 0.18485039476
0.55 -0.184526815167 0.184526815167
0.56 -0.184142908809 0.184142908809
0.57 -0.183701204919 0.183701204919
0.58 -0.183204155952 0.183204155952
0.59 -0.182654139642 0.182654139642
0.6 -0.182053461004 0.182053461004
0.61 -0.181404354287 0.181404354287
0.62 -0.180708984877 0.180708984877
0.63 -0.179969451154 0.179969451154
0.64 -0.179187786302 0.179187786302
0.65 -0.17836596007 0.17836596007
0.66 -0.177505880495 0.177505880495
0.67 -0.176609395575 0.176609395575
0.68 -0.175678294905 0.175678294905
0.69 -0.17471431127 0.17471431127
0.7 -0.173719122197 0.173719122197
0.71 -0.172694351466 0.172694351466
0.72 -0.171641570588 0.171641570588
0.73 -0.170562300241 0.170562300241
0.74 -0.169458011668 0.169458011668
0.75 -0.16833012805 0.168330128049
0.76 -0.167180025826 0.167180025826
0.77 -0.166009036 0.166009036
0.78 -0.164818445396 0.164818445396
0.79 -0.163609497895 0.163609497895
0.8 -0.162383395631 0.162383395631
0.81 -0.161141300161 0.161141300161
0.82 -0.159884333605 0.159884333605
0.83 -0.158613579755 0.158613579755
0.84 -0.157330085156 0.157330085156
0.85 -0.156034860159 0.156034860159
0.86 -0.154728879946 0.154728879946
0.87 -0.153413085534 0.153413085534
0.88 -0.152088384743 0.152088384743
0.89 -0.150755653148 0.150755653148
0.9 -0.149415735003 0.149415735003
0.91 -0.14806944414 0.14806944414
0.92 -0.146717564843 0.146717564843
0.93 -0.145360852707 0.145360852707
0.94 -0.144000035465 0.144000035465
0.95 -0.1426358138 0.1426358138
0.96 -0.141268862132 0.141268862132
0.97 -0.139899829388 0.139899829388
0.98 -0.138529339745 0.138529339745
0.99 -0.137157993363 0.137157993363
1.0 -0.135786367093 0.135786367093
1.01 -0.134415015163 0.134415015163
1.02 -0.133044469855 0.133044469855
1.03 -0.131675242156 0.131675242156
1.04 -0.130307822396 0.130307822396
1.05 -0.128942680867 0.128942680867
1.06 -0.127580268426 0.127580268426
1.07 -0.126221017085 0.126221017085
1.08 -0.124865340579 0.124865340579
1.09 -0.123513634925 0.123513634925
1.1 -0.122166278961 0.122166278961
1.11 -0.120823634876 0.120823634876
1.12 -0.119486048718 0.119486048718
1.13 -0.118153850898 0.118153850898
1.14 -0.116827356674 0.116827356674
1.15 -0.115506866619 0.115506866619
1.16 -0.114192667088 0.114192667088
1.17 -0.112885030657 0.112885030657
1.18 -0.111584216565 0.111584216565
1.19 -0.110290471132 0.110290471132
1.2 -0.109004028173 0.109004028173
1.21 -0.107725109397 0.107725109397
1.22 -0.106453924799 0.106453924799
1.23 -0.105190673032 0.105190673032
1.24 -0.103935541782 0.103935541782
1.25 -0.102688708124 0.102688708124
1.26 -0.101450338867 0.101450338867
1.27 -0.100220590896 0.100220590896
1.28 -0.0989996115001 0.0989996115001
1.29 -0.0977875386907 0.0977875386907
1.3 -0.0965845015142 0.0965845015142
1.31 -0.0953906203533 0.0953906203533
1.32 -0.0942060072212 0.0942060072212
1.33 -0.0930307660466 0.0930307660466
1.34 -0.0918649929515 0.0918649929515
1.35 -0.0907087765203 0.0907087765203
1.36 -0.0895621980623 0.0895621980623
1.37 -0.0884253318657 0.0884253318657
1.38 -0.0872982454452 0.0872982454452
1.39 -0.0861809997818 0.0861809997818
1.4 -0.0850736495565 0.0850736495565
1.41 -0.0839762433767 0.0839762433767
1.42 -0.0828888239962 0.0828888239962
1.43 -0.0818114285291 0.0818114285291
1.44 -0.0807440886573 0.0807440886573
1.45 -0.0796868308319 0.0796868308319
1.46 -0.0786396764691 0.0786396764691
1.47 -0.0776026421398 0.0776026421398
1.48 -0.0765757397542 0.0765757397542
1.49 -0.0755589767404 0.0755589767404
1.5 -0.0745523562188 0.0745523562188
1.51 -0.0735558771697 0.0735558771697
1.52 -0.0725695345976 0.0725695345976
1.53 -0.0715933196894 0.0715933196894
1.54 -0.0706272199684 0.0706272199684
1.55 -0.0696712194437 0.0696712194437
1.56 -0.0687252987552 0.0687252987551
1.57 -0.0677894353134 0.0677894353134
1.58 -0.0668636034364 0.0668636034364
1.59 -0.0659477744812 0.0659477744812
1.6 -0.0650419169724 0.0650419169724
1.61 -0.0641459967257 0.0641459967257
1.62 -0.0632599769685 0.0632599769685
1.63 -0.0623838184564 0.0623838184564
1.64 -0.061517479586 0.061517479586
1.65 -0.0606609165047 0.0606609165047
1.66 -0.0598140832162 0.0598140832161
1.67 -0.0589769316835 0.0589769316835
1.68 -0.0581494119284 0.0581494119284
1.69 -0.0573314721276 0.0573314721276
1.7 -0.056523058706 0.056523058706
1.71 -0.0557241164269 0.0557241164269
1.72 -0.0549345884794 0.0549345884794
1.73 -0.0541544165631 0.054154416563
1.74 -0.0533835409693 0.0533835409693
1.75 -0.0526219006611 0.0526219006611
1.76 -0.0518694333488 0.0518694333488
1.77 -0.051126075565 0.051126075565
1.78 -0.0503917627353 0.0503917627353
1.79 -0.0496664292479 0.0496664292479
1.8 -0.0489500085204 0.0489500085204
1.81 -0.0482424330646 0.0482424330646
1.82 -0.0475436345484 0.0475436345484
1.83 -0.0468535438568 0.0468535438567
1.84 -0.0461720911493 0.0461720911493
1.85 -0.0454992059172 0.0454992059172
1.86 -0.0448348170368 0.0448348170368
1.87 -0.0441788528224 0.0441788528224
1.88 -0.0435312410769 0.0435312410769
1.89 -0.04289190914 0.04289190914
1.9 -0.042260783936 0.042260783936
1.91 -0.0416377920182 0.0416377920182
1.92 -0.0410228596135 0.0410228596135
1.93 -0.0404159126639 0.0404159126639
1.94 -0.0398168768672 0.0398168768672
1.95 -0.0392256777162 0.0392256777162
1.96 -0.038642240536 0.038642240536
1.97 -0.0380664905204 0.0380664905204
1.98 -0.0374983527667 0.0374983527667
1.99 -0.036937752309 0.036937752309
2.0 -0.0363846141506 0.0363846141506
dt=0.005
0.005 -0.0024916874584 0.0024916874584
0.01 -0.00493366533777 0.00493366533776
0.015 -0.00732667742541 0.00732667742541
0.02 -0.00967145761616 0.00967145761616
0.025 -0.0119687300357 0.0119687300357
0.03 -0.0142192091624 0.0142192091624
0.035 -0.0164235999479 0.0164235999479
0.04 -0.0185825979358 0.0185825979358
0.045 -0.0206968893794 0.0206968893794
0.05 -0.0227671513578 0.0227671513578
0.055 -0.0247940518906 0.0247940518906
0.06 -0.0267782500514 0.0267782500514
0.065 -0.0287203960797 0.0287203960797
0.07 -0.0306211314914 0.0306211314914
0.075 -0.0324810891885 0.0324810891885
0.08 -0.0343008935668 0.0343008935668
0.085 -0.0360811606229 0.0360811606228
0.09 -0.0378224980592 0.0378224980592
0.095 -0.0395255053888 0.0395255053888
0.1 -0.0411907740376 0.0411907740375
0.105 -0.0428188874465 0.0428188874464
0.11 -0.0444104211717 0.0444104211716
0.115 -0.045965942984 0.0459659429839
0.12 -0.0474860129668 0.0474860129667
0.125 -0.0489711836129 0.0489711836129
0.13 -0.0504219999206 0.0504219999205
0.135 -0.0518389994875 0.0518389994875
0.14 -0.0532227126047 0.0532227126046
0.145 -0.0545736623485 0.0545736623484
0.15 -0.0558923646719 0.0558923646719
0.155 -0.0571793284946 0.0571793284946
0.16 -0.0584350557919 0.0584350557919
0.165 -0.0596600416826 0.0596600416825
0.17 -0.0608547745159 0.0608547745159
0.175 -0.0620197359573 0.0620197359572
0.18 -0.0631554010729 0.0631554010729
0.185 -0.0642622384139 0.0642622384138
0.19 -0.0653407100985 0.0653407100984
0.195 -0.0663912718941 0.0663912718941
0.2 -0.067414373298 0.0674143732979
0.205 -0.0684104576168 0.0684104576168
0.21 -0.0693799620457 0.0693799620456
0.215 -0.0703233177457 0.0703233177457
0.22 -0.0712409499212 0.0712409499211
0.225 -0.0721332778951 0.0721332778951
0.23 -0.0730007151847 0.0730007151847
0.235 -0.0738436695751 0.073843669575
0.24 -0.0746625431927 0.0746625431926
0.245 -0.0754577325776 0.0754577325775
0.25 -0.0762296287549 0.0762296287548
0.255 -0.0769786173053 0.0769786173052
0.26 -0.0777050784348 0.0777050784347
0.265 -0.0784093870436 0.0784093870435
0.27 -0.079091912794 0.079091912794
0.275 -0.0797530201779 0.0797530201779
0.28 -0.0803930685828 0.0803930685828
0.285 -0.0810124123575 0.0810124123574
0.29 -0.0816114008769 0.0816114008769
0.295 -0.0821903786061 0.0821903786061
0.3 -0.0827496851633 0.0827496851632
0.305 -0.0832896553823 0.0832896553823
0.31 -0.0838106193745 0.0838106193744
0.315 -0.0843129025892 0.0843129025892
0.32 -0.0847968258743 0.0847968258743
0.325 -0.0852627055355 0.0852627055354
0.33 -0.0857108533948 0.0857108533948
0.335 -0.0861415768489 0.0861415768488
0.34 -0.086555178926 0.086555178926
0.345 -0.0869519583429 0.0869519583428
0.35 -0.0873322095601 0.0873322095601
0.355 -0.087696222838 0.087696222838
0.36 -0.0880442842905 0.0880442842904
0.365 -0.0883766759391 0.088376675939
0.37 -0.0886936757664 0.0886936757663
0.375 -0.0889955577683 0.0889955577682
0.38 -0.0892825920058 0.0892825920058
0.385 -0.0895550446566 0.0895550446566
0.39 -0.0898131780655 0.0898131780654
0.395 -0.090057250794 0.090057250794
0.4 -0.0902875176706 0.0902875176705
0.405 -0.0905042298385 0.0905042298384
0.41 -0.0907076348044 0.0907076348044
0.415 -0.0908979764862 0.0908979764862
0.42 -0.0910754952593 0.0910754952593
0.425 -0.0912404280036 0.0912404280036
0.43 -0.0913930081491 0.091393008149
0.435 -0.091533465721 0.0915334657209
0.44 -0.0916620273847 0.0916620273846
0.445 -0.0917789164898 0.0917789164898
0.45 -0.0918843531138 0.0918843531137
0.455 -0.0919785541048 0.0919785541047
0.46 -0.0920617331245 0.0920617331244
0.465 -0.0921341006898 0.0921341006898
0.47 -0.0921958642147 0.0921958642147
0.475 -0.0922472280509 0.0922472280508
0.48 -0.0922883935282 0.0922883935281
0.485 -0.0923195589948 0.0923195589947
0.49 -0.0923409198566 0.0923409198565
0.495 -0.092352668616 0.0923526686159
0.5 -0.0923549949107 0.0923549949106
0.505 -0.0923480855514 0.0923480855513
0.51 -0.0923321245594 0.0923321245593
0.515 -0.0923072932038 0.0923072932037
0.52 -0.0922737700379 0.0922737700378
0.525 -0.0922317309357 0.0922317309356
0.53 -0.092181349127 0.0921813491269
0.535 -0.0921227952333 0.0921227952332
0.54 -0.0920562373019 0.0920562373018
0.545 -0.091981840841 0.091981840841
0.55 -0.0918997688533 0.0918997688532
0.555 -0.0918101818693 0.0918101818692
0.56 -0.0917132379807 0.0917132379806
0.565 -0.0916090928731 0.091609092873
0.57 -0.091497899858 0.091497899858
0.575 -0.0913798099051 0.091379809905
0.58 -0.0912549716732 0.0912549716731
0.585 -0.0911235315417 0.0911235315416
0.59 -0.0909856336414 0.0909856336413
0.595 -0.0908414198841 0.0908414198841
0.6 -0.0906910299936 0.0906910299935
0.605 -0.090534601534 0.0905346015339
0.61 -0.0903722699399 0.0903722699399
0.615 -0.0902041685448 0.0902041685447
0.62 -0.0900304286093 0.0900304286093
0.625 -0.0898511793498 0.0898511793497
0.63 -0.0896665479654 0.0896665479653
0.635 -0.0894766596661 0.089476659666
0.64 -0.0892816376993 0.0892816376992
0.645 -0.0890816033768 0.0890816033768
0.65 -0.0888766761009 0.0888766761009
0.655 -0.0886669733907 0.0886669733906
0.66 -0.0884526109073 0.0884526109072
0.665 -0.0882337024798 0.0882337024797
0.67 -0.08801036013 0.0880103601299
0.675 -0.0877826940972 0.0877826940971
0.68 -0.0875508128623 0.0875508128623
0.685 -0.0873148231727 0.0873148231727
0.69 -0.0870748300652 0.0870748300651
0.695 -0.08683093689 0.0868309368899
0.7 -0.0865832453339 0.0865832453338
0.705 -0.0863318554429 0.0863318554428
0.71 -0.0860768656451 0.086076865645
0.715 -0.0858183727731 0.085818372773
0.72 -0.0855564720856 0.0855564720855
0.725 -0.0852912572896 0.0852912572895
0.73 -0.0850228205616 0.0850228205616
0.735 -0.0847512525692 0.0847512525691
0.74 -0.0844766424913 0.0844766424912
0.745 -0.0841990780396 0.0841990780395
0.75 -0.0839186454784 0.0839186454784
0.755 -0.0836354296453 0.0836354296452
0.76 -0.0833495139704 0.0833495139703
0.765 -0.0830609804964 0.0830609804963
0.77 -0.082769909898 0.0827699098979
0.775 -0.0824763815007 0.0824763815007
0.78 -0.0821804733002 0.0821804733001
0.785 -0.0818822619803 0.0818822619803
0.79 -0.0815818229322 0.0815818229321
0.795 -0.0812792302718 0.0812792302717
0.8 -0.0809745568583 0.0809745568582
0.805 -0.0806678743115 0.0806678743114
0.81 -0.0803592530295 0.0803592530294
0.815 -0.0800487622057 0.0800487622056
0.82 -0.0797364698462 0.0797364698462
0.825 -0.0794224427863 0.0794224427863
0.83 -0.0791067467072 0.0791067467071
0.835 -0.0787894461522 0.0787894461521
0.84 -0.0784706045432 0.0784706045431
0.845 -0.0781502841964 0.0781502841964
0.85 -0.0778285463382 0.0778285463382
0.855 -0.0775054511206 0.0775054511205
0.86 -0.0771810576365 0.0771810576364
0.865 -0.0768554239351 0.076855423935
0.87 -0.0765286070366 0.0765286070366
0.875 -0.0762006629472 0.0762006629471
0.88 -0.0758716466732 0.0758716466731
0.885 -0.0755416122359 0.0755416122359
0.89 -0.0752106126856 0.0752106126855
0.895 -0.0748787001153 0.0748787001152
0.9 -0.0745459256749 0.0745459256749
0.905 -0.0742123395849 0.0742123395848
0.91 -0.0738779911492 0.0738779911491
0.915 -0.0735429287692 0.0735429287692
0.92 -0.0732071999565 0.0732071999565
0.925 -0.0728708513458 0.0728708513457
0.93 -0.0725339287076 0.0725339287076
0.935 -0.0721964769613 0.0721964769612
0.94 -0.0718585401868 0.0718585401868
0.945 -0.0715201616377 0.0715201616377
0.95 -0.0711813837528 0.0711813837527
0.955 -0.0708422481679 0.0708422481679
0.96 -0.0705027957284 0.0705027957283
0.965 -0.0701630664999 0.0701630664999
0.97 -0.0698230997807 0.0698230997807
0.975 -0.0694829341123 0.0694829341122
0.98 -0.069142607291 0.0691426072909
0.985 -0.0688021563789 0.0688021563789
0.99 -0.0684616177147 0.0684616177147
0.995 -0.0681210269246 0.0681210269245
1.0 -0.0677804189325 0.0677804189325
1.005 -0.0674398279712 0.0674398279711
1.01 -0.0670992875917 0.0670992875916
1.015 -0.0667588306744 0.0667588306743
1.02 -0.0664184894385 0.0664184894385
1.025 -0.0660782954523 0.0660782954522
1.03 -0.0657382796425 0.0657382796424
1.035 -0.0653984723044 0.0653984723043
1.04 -0.0650589031111 0.065058903111
1.045 -0.0647196011228 0.0647196011228
1.05 -0.0643805947967 0.0643805947966
1.055 -0.0640419119952 0.0640419119952
1.06 -0.0637035799957 0.0637035799956
1.065 -0.0633656254991 0.0633656254991
1.07 -0.0630280746388 0.0630280746388
1.075 -0.0626909529892 0.0626909529891
1.08 -0.0623542855744 0.0623542855743
1.085 -0.0620180968763 0.0620180968763
1.09 -0.0616824108437 0.0616824108436
1.095 -0.0613472508994 0.0613472508993
1.1 -0.0610126399493 0.0610126399493
1.105 -0.0606786003899 0.0606786003898
1.11 -0.0603451541161 0.060345154116
1.115 -0.0600123225292 0.0600123225292
1.12 -0.0596801265447 0.0596801265447
1.125 -0.0593485865995 0.0593485865994
1.13 -0.0590177226595 0.0590177226594
1.135 -0.058687554227 0.0586875542269
1.14 -0.0583581003482 0.0583581003481
1.145 -0.0580293796197 0.0580293796197
1.15 -0.0577014101965 0.0577014101964
1.155 -0.057374209798 0.057374209798
1.16 -0.0570477957157 0.0570477957156
1.165 -0.0567221848193 0.0567221848192
1.17 -0.0563973935638 0.0563973935638
1.175 -0.0560734379963 0.0560734379962
1.18 -0.0557503337617 0.0557503337617
1.185 -0.0554280961101 0.05542809611
1.19 -0.0551067399023 0.0551067399022
1.195 -0.0547862796165 0.0547862796164
1.2 -0.0544667293545 0.0544667293544
1.205 -0.0541481028474 0.0541481028473
1.21 -0.053830413462 0.0538304134619
1.215 -0.0535136742064 0.0535136742063
1.22 -0.0531978977359 0.0531978977358
1.225 -0.052883096359 0.0528830963589
1.23 -0.0525692820426 0.0525692820426
1.235 -0.052256466418 0.052256466418
1.24 -0.0519446607862 0.0519446607861
1.245 -0.0516338761233 0.0516338761232
1.25 -0.0513241230859 0.0513241230859
1.255 -0.0510154120167 0.0510154120166
1.26 -0.050707752949 0.0507077529489
1.265 -0.0504011556126 0.0504011556125
1.27 -0.0500956294382 0.0500956294382
1.275 -0.0497911835631 0.049791183563
1.28 -0.0494878268354 0.0494878268353
1.285 -0.0491855678193 0.0491855678192
1.29 -0.0488844147997 0.0488844147997
1.295 -0.0485843757872 0.0485843757872
1.3 -0.0482854585224 0.0482854585223
1.305 -0.0479876704805 0.0479876704804
1.31 -0.0476910188761 0.0476910188761
1.315 -0.0473955106676 0.0473955106675
1.32 -0.0471011525613 0.0471011525612
1.325 -0.0468079510161 0.046807951016
1.33 -0.0465159122474 0.0465159122474
1.335 -0.0462250422318 0.0462250422317
1.34 -0.0459353467108 0.0459353467107
1.345 -0.045646831195 0.0456468311949
1.35 -0.0453595009683 0.0453595009682
1.355 -0.0450733610919 0.0450733610918
1.36 -0.0447884164078 0.0447884164077
1.365 -0.0445046715431 0.0445046715431
1.37 -0.0442221309138 0.0442221309137
1.375 -0.0439407987282 0.0439407987281
1.38 -0.0436606789909 0.0436606789909
1.385 -0.0433817755065 0.0433817755064
1.39 -0.0431040918827 0.0431040918827
1.395 -0.0428276315347 0.0428276315346
1.4 -0.0425523976877 0.0425523976877
1.405 -0.0422783933812 0.0422783933812
1.41 -0.0420056214719 0.0420056214718
1.415 -0.0417340846371 0.041734084637
1.42 -0.0414637853781 0.041463785378
1.425 -0.0411947260234 0.0411947260234
1.43 -0.0409269087321 0.040926908732
1.435 -0.0406603354965 0.0406603354964
1.44 -0.0403950081458 0.0403950081457
1.445 -0.0401309283488 0.0401309283488
1.45 -0.0398680976173 0.0398680976172
1.455 -0.0396065173085 0.0396065173084
1.46 -0.0393461886283 0.0393461886282
1.465 -0.0390871126342 0.0390871126342
1.47 -0.0388292902381 0.0388292902381
1.475 -0.038572722209 0.038572722209
1.48 -0.0383174091758 0.0383174091758
1.485 -0.0380633516301 0.03806335163
1.49 -0.0378105499287 0.0378105499287
1.495 -0.0375590042966 0.0375590042965
1.5 -0.037308714829 0.0373087148289
1.505 -0.0370596814946 0.0370596814945
1.51 -0.0368119041374 0.0368119041373
1.515 -0.0365653824798 0.0365653824797
1.52 -0.0363201161245 0.0363201161245
1.525 -0.0360761045575 0.0360761045574
1.53 -0.0358333471499 0.0358333471498
1.535 -0.0355918431605 0.0355918431605
1.54 -0.0353515917383 0.0353515917382
1.545 -0.0351125919243 0.0351125919242
1.55 -0.0348748426542 0.0348748426541
1.555 -0.0346383427602 0.0346383427602
1.56 -0.0344030909737 0.0344030909736
1.565 -0.0341690859267 0.0341690859266
1.57 -0.0339363261546 0.0339363261545
1.575 -0.0337048100977 0.0337048100977
1.58 -0.0334745361038 0.0334745361038
1.585 -0.0332455024297 0.0332455024297
1.59 -0.0330177072436 0.0330177072435
1.595 -0.0327911486264 0.0327911486264
1.6 -0.0325658245746 0.0325658245746
1.605 -0.0323417330013 0.0323417330012
1.61 -0.0321188717384 0.0321188717384
1.615 -0.0318972385386 0.0318972385386
1.62 -0.0316768310769 0.0316768310768
1.625 -0.0314576469523 0.0314576469523
1.63 -0.0312396836902 0.0312396836901
1.635 -0.0310229387432 0.0310229387431
1.64 -0.0308074094934 0.0308074094933
1.645 -0.030593093254 0.030593093254
1.65 -0.0303799872708 0.0303799872708
1.655 -0.0301680887238 0.0301680887237
1.66 -0.0299573947287 0.0299573947286
1.665 -0.0297479023389 0.0297479023388
1.67 -0.0295396085465 0.0295396085464
1.675 -0.0293325102841 0.0293325102841
1.68 -0.0291266044264 0.0291266044263
1.685 -0.0289218877912 0.0289218877911
1.69 -0.0287183571414 0.0287183571413
1.695 -0.0285160091859 0.0285160091858
1.7 -0.0283148405815 0.0283148405814
1.705 -0.0281148479339 0.0281148479338
1.71 -0.0279160277992 0.0279160277991
1.715 -0.027718376685 0.027718376685
1.72 -0.0275218910523 0.0275218910523
1.725 -0.0273265673161 0.027326567316
1.73 -0.0271324018469 0.0271324018469
1.735 -0.0269393909723 0.0269393909723
1.74 -0.0267475309776 0.0267475309776
1.745 -0.0265568181076 0.0265568181075
1.75 -0.0263672485671 0.0263672485671
1.755 -0.026178818523 0.026178818523
1.76 -0.0259915241045 0.0259915241045
1.765 -0.0258053614049 0.0258053614048
1.77 -0.0256203264822 0.0256203264821
1.775 -0.0254364153606 0.0254364153605
1.78 -0.0252536240313 0.0252536240313
1.785 -0.0250719484539 0.0250719484538
1.79 -0.0248913845569 0.0248913845568
1.795 -0.024711928239 0.024711928239
1.8 -0.0245335753704 0.0245335753704
1.805 -0.0243563217933 0.0243563217932
1.81 -0.0241801633229 0.0241801633228
1.815 -0.0240050957488 0.0240050957487
1.82 -0.0238311148354 0.0238311148354
1.825 -0.0236582163233 0.0236582163232
1.83 -0.0234863959297 0.0234863959296
1.835 -0.0233156493496 0.0233156493495
1.84 -0.0231459722568 0.0231459722567
1.845 -0.0229773603042 0.0229773603042
1.85 -0.0228098091255 0.0228098091254
1.855 -0.0226433143351 0.022643314335
1.86 -0.0224778715295 0.0224778715294
1.865 -0.0223134762879 0.0223134762879
1.87 -0.0221501241732 0.0221501241731
1.875 -0.0219878107323 0.0219878107323
1.88 -0.0218265314974 0.0218265314973
1.885 -0.0216662819863 0.0216662819863
1.89 -0.0215070577034 0.0215070577034
1.895 -0.0213488541404 0.0213488541403
1.9 -0.0211916667767 0.0211916667767
1.905 -0.0210354910806 0.0210354910806
1.91 -0.0208803225096 0.0208803225095
1.915 -0.020726156511 0.0207261565109
1.92 -0.0205729885228 0.0205729885228
1.925 -0.0204208139745 0.0204208139745
1.93 -0.0202696282872 0.0202696282871
1.935 -0.0201194268745 0.0201194268744
1.94 -0.0199702051432 0.0199702051432
1.945 -0.0198219584939 0.0198219584939
1.95 -0.0196746823213 0.0196746823212
1.955 -0.019528372015 0.0195283720149
1.96 -0.01938302296 0.0193830229599
1.965 -0.0192386305373 0.0192386305372
1.97 -0.0190951901245 0.0190951901244
1.975 -0.018952697096 0.0189526970959
1.98 -0.018811146824 0.0188111468239
1.985 -0.0186705346785 0.0186705346785
1.99 -0.0185308560284 0.0185308560283
1.995 -0.0183921062413 0.0183921062412
2.0 -0.0182542806845 0.0182542806845
dt=0.002
0.002 -0.000399467199586 0.000399467199576
0.004 -0.00079574185304 0.000795741853032
0.006 -0.00118884309654 0.00118884309653
0.008 -0.00157878996427 0.00157878996426
0.01 -0.00196560138899 0.00196560138896
0.012 -0.00234929620248 0.00234929620246
0.014 -0.00272989313613 0.00272989313611
0.016 -0.00310741082139 0.00310741082135
0.018 -0.0034818677902 0.00348186779018
0.02 -0.00385328247567 0.00385328247565
0.022 -0.00422167321241 0.00422167321239
0.024 -0.00458705823708 0.00458705823705
0.026 -0.00494945568889 0.00494945568884
0.028 -0.00530888361003 0.00530888361
0.03 -0.00566535994629 0.00566535994626
0.032 -0.0060189025474 0.00601890254736
0.034 -0.00636952916756 0.00636952916753
0.036 -0.00671725746594 0.00671725746591
0.038 -0.00706210500714 0.00706210500711
0.04 -0.00740408926167 0.00740408926163
0.042 -0.0077432276064 0.00774322760636
0.044 -0.00807953732505 0.00807953732501
0.046 -0.00841303560865 0.00841303560861
0.048 -0.00874373955602 0.00874373955598
0.05 -0.00907166617421 0.00907166617416
0.052 -0.00939683237898 0.00939683237892
0.054 -0.00971925499519 0.00971925499515
0.056 -0.0100389507574 0.0100389507574
0.058 -0.0103559363102 0.0103559363102
0.06 -0.0106702282087 0.0106702282087
0.062 -0.010981842919 0.0109818429189
0.064 -0.0112907968185 0.0112907968185
0.066 -0.0115971061967 0.0115971061966
0.068 -0.011900787255 0.011900787255
0.07 -0.0122018561081 0.012201856108
0.072 -0.0125003287834 0.0125003287833
0.074 -0.0127962212221 0.0127962212221
0.076 -0.0130895492795 0.0130895492795
0.078 -0.0133803287254 0.0133803287253
0.08 -0.0136685752443 0.0136685752443
0.082 -0.0139543044364 0.0139543044363
0.084 -0.0142375318172 0.0142375318172
0.086 -0.014518272819 0.0145182728189
0.088 -0.0147965427901 0.0147965427901
0.09 -0.0150723569963 0.0150723569962
0.092 -0.0153457306205 0.0153457306205
0.094 -0.0156166787638 0.0156166787638
0.096 -0.0158852164454 0.0158852164453
0.098 -0.0161513586031 0.0161513586031
0.1 -0.0164151200941 0.0164151200941
0.102 -0.0166765156949 0.0166765156949
0.104 -0.0169355601019 0.0169355601018
0.106 -0.0171922679319 0.0171922679319
0.108 -0.0174466537225 0.0174466537224
0.11 -0.0176987319322 0.0176987319322
0.112 -0.0179485169413 0.0179485169413
0.114 -0.0181960230518 0.0181960230518
0.116 -0.0184412644882 0.0184412644882
0.118 -0.0186842553976 0.0186842553975
0.12 -0.0189250098501 0.01892500985
0.122 -0.0191635418394 0.0191635418394
0.124 -0.0193998652832 0.0193998652832
0.126 -0.0196339940233 0.0196339940233
0.128 -0.0198659418261 0.0198659418261
0.13 -0.0200957223831 0.0200957223831
0.132 -0.0203233493113 0.0203233493113
0.134 -0.0205488361533 0.0205488361533
0.136 -0.0207721963779 0.0207721963779
0.138 -0.0209934433806 0.0209934433806
0.14 -0.0212125904835 0.0212125904835
0.142 -0.0214296509363 0.0214296509362
0.144 -0.021644637916 0.021644637916
0.146 -0.021857564528 0.0218575645279
0.148 -0.0220684438056 0.0220684438056
0.15 -0.0222772887114 0.0222772887113
0.152 -0.0224841121365 0.0224841121365
0.154 -0.022688926902 0.022688926902
0.156 -0.0228917457584 0.0228917457584
0.158 -0.0230925813866 0.0230925813865
0.16 -0.0232914463979 0.0232914463979
0.162 -0.0234883533346 0.0234883533346
0.164 -0.0236833146702 0.0236833146702
0.166 -0.0238763428097 0.0238763428097
0.168 -0.02406745009 0.02406745009
0.17 -0.0242566487805 0.0242566487805
0.172 -0.024443951083 0.0244439510829
0.174 -0.0246293691322 0.0246293691322
0.176 -0.0248129149964 0.0248129149963
0.178 -0.0249946006772 0.0249946006772
0.18 -0.0251744381105 0.0251744381105
0.182 -0.0253524391663 0.0253524391662
0.184 -0.0255286156492 0.0255286156491
0.186 -0.0257029792989 0.0257029792989
0.188 -0.0258755417905 0.0258755417905
0.19 -0.0260463147345 0.0260463147345
0.192 -0.0262153096776 0.0262153096776
0.194 -0.0263825381027 0.0263825381026
0.196 -0.0265480114292 0.0265480114292
0.198 -0.0267117410136 0.0267117410136
0.2 -0.0268737381497 0.0268737381496
0.202 -0.0270340140687 0.0270340140686
0.204 -0.0271925799399 0.0271925799398
0.206 -0.0273494468706 0.0273494468706
0.208 -0.0275046259069 0.0275046259068
0.21 -0.0276581280335 0.0276581280335
0.212 -0.0278099641745 0.0278099641744
0.214 -0.0279601451932 0.0279601451932
0.216 -0.028108681893 0.0281086818929
0.218 -0.028255585017 0.028255585017
0.22 -0.0284008652491 0.0284008652491
0.222 -0.0285445332137 0.0285445332137
0.224 -0.0286865994761 0.0286865994761
0.226 -0.0288270745432 0.0288270745431
0.228 -0.0289659688631 0.028965968863
0.23 -0.0291032928262 0.0291032928262
0.232 -0.0292390567649 0.0292390567649
0.234 -0.0293732709542 0.0293732709541
0.236 -0.0295059456116 0.0295059456116
0.238 -0.0296370908982 0.0296370908982
0.24 -0.0297667169181 0.029766716918
0.242 -0.0298948337191 0.029894833719
0.244 -0.030021451293 0.030021451293
0.246 -0.030146579576 0.030146579576
0.248 -0.0302702284486 0.0302702284485
0.25 -0.0303924077362 0.0303924077362
0.252 -0.0305131272093 0.0305131272093
0.254 -0.0306323965839 0.0306323965839
0.256 -0.0307502255215 0.0307502255214
0.258 -0.0308666236295 0.0308666236294
0.26 -0.0309816004616 0.0309816004616
0.262 -0.0310951655182 0.0310951655181
0.264 -0.0312073282461 0.031207328246
0.266 -0.0313180980393 0.0313180980392
0.268 -0.0314274842392 0.0314274842392
0.27 -0.0315354961347 0.0315354961347
0.272 -0.0316421429626 0.0316421429626
0.274 -0.0317474339078 0.0317474339077
0.276 -0.0318513781035 0.0318513781035
0.278 -0.0319539846317 0.0319539846317
0.28 -0.0320552625233 0.0320552625233
0.282 -0.0321552207583 0.0321552207583
0.284 -0.0322538682663 0.0322538682662
0.286 -0.0323512139263 0.0323512139263
0.288 -0.0324472665677 0.0324472665677
0.29 -0.0325420349698 0.0325420349697
0.292 -0.0326355278625 0.0326355278624
0.294 -0.0327277539263 0.0327277539262
0.296 -0.032818721793 0.0328187217929
0.298 -0.0329084400453 0.0329084400453
0.3 -0.0329969172177 0.0329969172176
0.302 -0.0330841617962 0.0330841617961
0.304 -0.0331701822189 0.0331701822188
0.306 -0.0332549868762 0.0332549868761
0.308 -0.0333385841108 0.0333385841108
0.31 -0.0334209822185 0.0334209822184
0.312 -0.0335021894476 0.0335021894475
0.314 -0.033582214 0.033582214
0.316 -0.033661064031 0.0336610640309
0.318 -0.0337387476495 0.0337387476494
0.32 -0.0338152729183 0.0338152729182
0.322 -0.0338906478546 0.0338906478545
0.324 -0.0339648804299 0.0339648804298
0.326 -0.0340379785704 0.0340379785703
0.328 -0.0341099501571 0.034109950157
0.33 -0.0341808030261 0.0341808030261
0.332 -0.0342505449692 0.0342505449692
0.334 -0.0343191837334 0.0343191837334
0.336 -0.0343867270218 0.0343867270217
0.338 -0.0344531824932 0.0344531824931
0.34 -0.0345185577631 0.034518557763
0.342 -0.0345828604032 0.0345828604032
0.344 -0.0346460979422 0.0346460979421
0.346 -0.0347082778655 0.0347082778654
0.348 -0.0347694076158 0.0347694076157
0.35 -0.0348294945932 0.0348294945931
0.352 -0.0348885461555 0.0348885461554
0.354 -0.0349465696182 0.0349465696181
0.356 -0.035003572255 0.0350035722549
0.358 -0.0350595612978 0.0350595612977
0.36 -0.035114543937 0.035114543937
0.362 -0.0351685273218 0.0351685273218
0.364 -0.0352215185603 0.0352215185603
0.366 -0.0352735247198 0.0352735247197
0.368 -0.0353245528267 0.0353245528266
0.37 -0.0353746098673 0.0353746098672
0.372 -0.0354237027876 0.0354237027875
0.374 -0.0354718384934 0.0354718384933
0.376 -0.0355190238509 0.0355190238509
0.378 -0.0355652656868 0.0355652656867
0.38 -0.0356105707881 0.035610570788
0.382 -0.0356549459029 0.0356549459028
0.384 -0.0356983977401 0.0356983977401
0.386 -0.0357409329702 0.0357409329701
0.388 -0.0357825582246 0.0357825582246
0.39 -0.0358232800969 0.0358232800969
0.392 -0.0358631051421 0.0358631051421
0.394 -0.0359020398775 0.0359020398774
0.396 -0.0359400907825 0.0359400907824
0.398 -0.0359772642989 0.0359772642988
0.4 -0.0360135668313 0.0360135668312
0.402 -0.0360490047469 0.0360490047469
0.404 -0.0360835843762 0.0360835843761
0.406 -0.0361173120127 0.0361173120126
0.408 -0.0361501939133 0.0361501939133
0.41 -0.0361822362987 0.0361822362986
0.412 -0.0362134453531 0.036213445353
0.414 -0.036243827225 0.0362438272249
0.416 -0.0362733880267 0.0362733880267
0.418 -0.0363021338353 0.0363021338352
0.42 -0.036330070692 0.0363300706919
0.422 -0.036357204603 0.036357204603
0.424 -0.0363835415395 0.0363835415394
0.426 -0.0364090874374 0.0364090874374
0.428 -0.0364338481984 0.0364338481983
0.43 -0.0364578296892 0.0364578296891
0.432 -0.0364810377424 0.0364810377423
0.434 -0.0365034781564 0.0365034781564
0.436 -0.0365251566957 0.0365251566956
0.438 -0.0365460790907 0.0365460790907
0.44 -0.0365662510385 0.0365662510384
0.442 -0.0365856782025 0.0365856782024
0.444 -0.036604366213 0.0366043662129
0.446 -0.036622320667 0.0366223206669
0.448 -0.0366395471287 0.0366395471286
0.45 -0.0366560511296 0.0366560511295
0.452 -0.0366718381685 0.0366718381684
0.454 -0.0366869137118 0.0366869137117
0.456 -0.0367012831937 0.0367012831937
0.458 -0.0367149520164 0.0367149520164
0.46 -0.0367279255501 0.03672792555
0.462 -0.0367402091332 0.0367402091331
0.464 -0.0367518080727 0.0367518080727
0.466 -0.0367627276441 0.0367627276441
0.468 -0.0367729730918 0.0367729730918
0.47 -0.0367825496289 0.0367825496289
0.472 -0.0367914624379 0.0367914624378
0.474 -0.0367997166703 0.0367997166702
0.476 -0.0368073174471 0.036807317447
0.478 -0.036814269859 0.0368142698589
0.48 -0.0368205789663 0.0368205789662
0.482 -0.0368262497993 0.0368262497992
0.484 -0.0368312873584 0.0368312873583
0.486 -0.0368356966142 0.0368356966141
0.488 -0.0368394825075 0.0368394825075
0.49 -0.03684264995 0.0368426499499
0.492 -0.0368452038238 0.0368452038238
0.494 -0.0368471489821 0.036847148982
0.496 -0.0368484902488 0.0368484902487
0.498 -0.0368492324192 0.0368492324192
0.5 -0.03684938026 0.03684938026
0.502 -0.0368489385091 0.0368489385091
0.504 -0.0368479118762 0.0368479118762
0.506 -0.0368463050428 0.0368463050427
0.508 -0.0368441226621 0.0368441226621
0.51 -0.0368413693597 0.0368413693597
0.512 -0.0368380497332 0.0368380497332
0.514 -0.0368341683526 0.0368341683526
0.516 -0.0368297297605 0.0368297297605
0.518 -0.0368247384722 0.0368247384721
0.52 -0.0368191989755 0.0368191989755
0.522 -0.0368131157316 0.0368131157316
0.524 -0.0368064931745 0.0368064931744
0.526 -0.0367993357115 0.0367993357115
0.528 -0.0367916477234 0.0367916477234
0.53 -0.0367834335644 0.0367834335644
0.532 -0.0367746975625 0.0367746975625
0.534 -0.0367654440194 0.0367654440193
0.536 -0.0367556772107 0.0367556772107
0.538 -0.0367454013863 0.0367454013863
0.54 -0.0367346207702 0.0367346207701
0.542 -0.0367233395607 0.0367233395607
0.544 -0.0367115619308 0.0367115619308
0.546 -0.036699292028 0.036699292028
0.548 -0.0366865339746 0.0366865339745
0.55 -0.0366732918678 0.0366732918678
0.552 -0.03665956978 0.0366595697799
0.554 -0.0366453717585 0.0366453717585
0.556 -0.0366307018262 0.0366307018262
0.558 -0.0366155639813 0.0366155639813
0.56 -0.0365999621976 0.0365999621976
0.562 -0.0365839004247 0.0365839004246
0.564 -0.0365673825878 0.0365673825878
0.566 -0.0365504125884 0.0365504125884
0.568 -0.0365329943039 0.0365329943039
0.57 -0.0365151315879 0.0365151315879
0.572 -0.0364968282706 0.0364968282706
0.574 -0.0364780881584 0.0364780881584
0.576 -0.0364589150345 0.0364589150344
0.578 -0.0364393126587 0.0364393126586
0.58 -0.0364192847678 0.0364192847677
0.582 -0.0363988350755 0.0363988350754
0.584 -0.0363779672727 0.0363779672726
0.586 -0.0363566850274 0.0363566850274
0.588 -0.0363349919851 0.0363349919851
0.59 -0.0363128917688 0.0363128917687
0.592 -0.0362903879789 0.0362903879789
0.594 -0.0362674841937 0.0362674841937
0.596 -0.0362441839694 0.0362441839694
0.598 -0.03622049084 0.03622049084
0.6 -0.0361964083177 0.0361964083176
0.602 -0.0361719398928 0.0361719398927
0.604 -0.036147089034 0.0361470890339
0.606 -0.0361218591884 0.0361218591884
0.608 -0.0360962537818 0.0360962537818
0.61 -0.0360702762185 0.0360702762185
0.612 -0.0360439298816 0.0360439298816
0.614 -0.0360172181333 0.0360172181333
0.616 -0.0359901443145 0.0359901443145
0.618 -0.0359627117454 0.0359627117454
0.62 -0.0359349237256 0.0359349237256
0.622 -0.0359067835339 0.0359067835339
0.624 -0.0358782944284 0.0358782944284
0.626 -0.0358494596472 0.0358494596472
0.628 -0.0358202824077 0.0358202824077
0.63 -0.0357907659073 0.0357907659073
0.632 -0.0357609133232 0.0357609133232
0.634 -0.0357307278129 0.0357307278129
0.636 -0.0357002125137 0.0357002125137
0.638 -0.0356693705434 0.0356693705433
0.64 -0.0356382049998 0.0356382049998
0.642 -0.0356067189616 0.0356067189616
0.644 -0.0355749154878 0.0355749154878
0.646 -0.035542797618 0.035542797618
0.648 -0.0355103683729 0.0355103683729
0.65 -0.0354776307537 0.0354776307537
0.652 -0.0354445877428 0.0354445877428
0.654 -0.0354112423038 0.0354112423038
0.656 -0.0353775973811 0.0353775973811
0.658 -0.0353436559008 0.0353436559008
0.66 -0.0353094207702 0.0353094207702
0.662 -0.0352748948781 0.0352748948781
0.664 -0.0352400810949 0.0352400810949
0.666 -0.0352049822729 0.0352049822729
0.668 -0.0351696012459 0.0351696012459
0.67 -0.0351339408298 0.0351339408298
0.672 -0.0350980038224 0.0350980038224
0.674 -0.0350617930037 0.0350617930037
0.676 -0.0350253111359 0.0350253111359
0.678 -0.0349885609633 0.0349885609633
0.68 -0.0349515452128 0.0349515452128
0.682 -0.0349142665938 0.0349142665938
0.684 -0.0348767277981 0.0348767277981
0.686 -0.0348389315004 0.0348389315003
0.688 -0.034800880358 0.034800880358
0.69 -0.0347625770112 0.0347625770112
0.692 -0.0347240240832 0.0347240240832
0.694 -0.0346852241803 0.0346852241803
0.696 -0.034646179892 0.034646179892
0.698 -0.0346068937909 0.0346068937908
0.7 -0.034567368433 0.034567368433
0.702 -0.0345276063579 0.0345276063579
0.704 -0.0344876100885 0.0344876100885
0.706 -0.0344473821314 0.0344473821314
0.708 -0.0344069249769 0.0344069249769
0.71 -0.0343662410992 0.0343662410992
0.712 -0.0343253329563 0.0343253329563
0.714 -0.03428420299 0.03428420299
0.716 -0.0342428536265 0.0342428536265
0.718 -0.0342012872759 0.0342012872759
0.72 -0.0341595063327 0.0341595063327
0.722 -0.0341175131756 0.0341175131756
0.724 -0.0340753101679 0.0340753101679
0.726 -0.0340328996571 0.0340328996571
0.728 -0.0339902839756 0.0339902839756
0.73 -0.0339474654402 0.0339474654402
0.732 -0.0339044463528 0.0339044463528
0.734 -0.0338612289997 0.0338612289997
0.736 -0.0338178156526 0.0338178156526
0.738 -0.0337742085679 0.0337742085679
0.74 -0.0337304099871 0.0337304099871
0.742 -0.033686422137 0.033686422137
0.744 -0.0336422472297 0.0336422472297
0.746 -0.0335978874625 0.0335978874625
0.748 -0.0335533450182 0.0335533450182
0.75 -0.0335086220651 0.0335086220651
0.752 -0.0334637207571 0.033463720757
0.754 -0.0334186432336 0.0334186432336
0.756 -0.0333733916201 0.0333733916201
0.758 -0.0333279680277 0.0333279680277
0.76 -0.0332823745534 0.0332823745534
0.762 -0.0332366132802 0.0332366132801
0.764 -0.0331906862771 0.0331906862771
0.766 -0.0331445955996 0.0331445955996
0.768 -0.0330983432889 0.0330983432889
0.77 -0.0330519313729 0.0330519313729
0.772 -0.0330053618656 0.0330053618656
0.774 -0.0329586367677 0.0329586367677
0.776 -0.0329117580662 0.0329117580662
0.778 -0.0328647277349 0.0328647277349
0.78 -0.0328175477342 0.0328175477342
0.782 -0.0327702200112 0.0327702200111
0.784 -0.0327227464998 0.0327227464998
0.786 -0.0326751291209 0.0326751291209
0.788 -0.0326273697825 0.0326273697825
0.79 -0.0325794703793 0.0325794703793
0.792 -0.0325314327935 0.0325314327935
0.794 -0.0324832588941 0.0324832588941
0.796 -0.0324349505378 0.0324349505378
0.798 -0.0323865095683 0.0323865095683
0.8 -0.0323379378169 0.0323379378169
0.802 -0.0322892371023 0.0322892371023
0.804 -0.0322404092307 0.0322404092307
0.806 -0.0321914559961 0.0321914559961
0.808 -0.0321423791801 0.0321423791801
0.81 -0.0320931805519 0.0320931805519
0.812 -0.0320438618688 0.0320438618688
0.814 -0.0319944248759 0.0319944248759
0.816 -0.0319448713062 0.0319448713062
0.818 -0.0318952028808 0.0318952028808
0.82 -0.031845421309 0.031845421309
0.822 -0.031795528288 0.031795528288
0.824 -0.0317455255035 0.0317455255035
0.826 -0.0316954146295 0.0316954146295
0.828 -0.0316451973282 0.0316451973282
0.83 -0.0315948752504 0.0315948752504
0.832 -0.0315444500353 0.0315444500353
0.834 -0.0314939233108 0.0314939233108
0.836 -0.0314432966932 0.0314432966932
0.838 -0.0313925717878 0.0313925717878
0.84 -0.0313417501885 0.0313417501885
0.842 -0.0312908334781 0.031290833478
0.844 -0.0312398232281 0.0312398232281
0.846 -0.0311887209992 0.0311887209992
0.848 -0.031137528341 0.031137528341
0.85 -0.0310862467923 0.0310862467923
0.852 -0.0310348778809 0.0310348778809
0.854 -0.0309834231239 0.0309834231239
0.856 -0.0309318840276 0.0309318840276
0.858 -0.0308802620876 0.0308802620876
0.86 -0.0308285587892 0.0308285587891
0.862 -0.0307767756066 0.0307767756066
0.864 -0.0307249140041 0.0307249140041
0.866 -0.0306729754352 0.0306729754352
0.868 -0.0306209613432 0.0306209613432
0.87 -0.030568873161 0.030568873161
0.872 -0.0305167123112 0.0305167123112
0.874 -0.0304644802065 0.0304644802065
0.876 -0.0304121782491 0.0304121782491
0.878 -0.0303598078314 0.0303598078314
0.88 -0.0303073703357 0.0303073703357
0.882 -0.0302548671343 0.0302548671343
0.884 -0.0302022995897 0.0302022995897
0.886 -0.0301496690544 0.0301496690544
0.888 -0.0300969768714 0.0300969768714
0.89 -0.0300442243736 0.0300442243736
0.892 -0.0299914128845 0.0299914128845
0.894 -0.029938543718 0.029938543718
0.896 -0.0298856181782 0.0298856181782
0.898 -0.02983263756 0.02983263756
0.9 -0.0297796031487 0.0297796031486
0.902 -0.02972651622 0.02972651622
0.904 -0.0296733780407 0.0296733780407
0.906 -0.029620189868 0.029620189868
0.908 -0.02956695295 0.02956695295
0.91 -0.0295136685256 0.0295136685256
0.912 -0.0294603378245 0.0294603378245
0.914 -0.0294069620674 0.0294069620674
0.916 -0.029353542466 0.029353542466
0.918 -0.029300080223 0.0293000802229
0.92 -0.0292465765321 0.0292465765321
0.922 -0.0291930325785 0.0291930325784
0.924 -0.029139449538 0.029139449538
0.926 -0.0290858285783 0.0290858285783
0.928 -0.0290321708578 0.0290321708578
0.93 -0.0289784775267 0.0289784775267
0.932 -0.0289247497263 0.0289247497263
0.934 -0.0288709885895 0.0288709885895
0.936 -0.0288171952406 0.0288171952406
0.938 -0.0287633707956 0.0287633707956
0.94 -0.0287095163619 0.0287095163619
0.942 -0.0286556330386 0.0286556330386
0.944 -0.0286017219167 0.0286017219167
0.946 -0.0285477840787 0.0285477840787
0.948 -0.028493820599 0.028493820599
0.95 -0.0284398325437 0.0284398325437
0.952 -0.028385820971 0.028385820971
0.954 -0.0283317869309 0.0283317869309
0.956 -0.0282777314654 0.0282777314654
0.958 -0.0282236556086 0.0282236556086
0.96 -0.0281695603866 0.0281695603866
0.962 -0.0281154468177 0.0281154468177
0.964 -0.0280613159122 0.0280613159122
0.966 -0.0280071686728 0.0280071686728
0.968 -0.0279530060945 0.0279530060945
0.97 -0.0278988291644 0.0278988291644
0.972 -0.0278446388622 0.0278446388621
0.974 -0.0277904361597 0.0277904361597
0.976 -0.0277362220214 0.0277362220214
0.978 -0.0276819974042 0.0276819974042
0.98 -0.0276277632575 0.0276277632575
0.982 -0.0275735205234 0.0275735205234
0.984 -0.0275192701365 0.0275192701365
0.986 -0.0274650130242 0.0274650130242
0.988 -0.0274107501064 0.0274107501064
0.99 -0.0273564822959 0.0273564822959
0.992 -0.0273022104983 0.0273022104982
0.994 -0.027247935612 0.0272479356119
0.996 -0.0271936585283 0.0271936585283
0.998 -0.0271393801314 0.0271393801314
1.0 -0.0270851012986 0.0270851012986
1.002 -0.0270308229 0.0270308229
1.004 -0.0269765457989 0.0269765457989
1.006 -0.0269222708516 0.0269222708516
1.008 -0.0268679989077 0.0268679989076
1.01 -0.0268137308097 0.0268137308097
1.012 -0.0267594673936 0.0267594673936
1.014 -0.0267052094885 0.0267052094885
1.016 -0.0266509579168 0.0266509579168
1.018 -0.0265967134944 0.0265967134944
1.02 -0.0265424770303 0.0265424770303
1.022 -0.0264882493272 0.0264882493272
1.024 -0.0264340311811 0.0264340311811
1.026 -0.0263798233814 0.0263798233814
1.028 -0.0263256267114 0.0263256267114
1.03 -0.0262714419475 0.0262714419475
1.032 -0.0262172698602 0.0262172698602
1.034 -0.0261631112132 0.0261631112132
1.036 -0.0261089667642 0.0261089667642
1.038 -0.0260548372646 0.0260548372646
1.04 -0.0260007234594 0.0260007234594
1.042 -0.0259466260876 0.0259466260876
1.044 -0.0258925458819 0.0258925458819
1.046 -0.0258384835689 0.0258384835689
1.048 -0.0257844398693 0.0257844398692
1.05 -0.0257304154974 0.0257304154974
1.052 -0.0256764111619 0.0256764111619
1.054 -0.0256224275652 0.0256224275652
1.056 -0.025568465404 0.025568465404
1.058 -0.0255145253689 0.0255145253689
1.06 -0.0254606081449 0.0254606081448
1.062 -0.0254067144108 0.0254067144108
1.064 -0.0253528448399 0.0253528448399
1.066 -0.0252990000997 0.0252990000997
1.068 -0.025245180852 0.025245180852
1.07 -0.0251913877528 0.0251913877527
1.072 -0.0251376214524 0.0251376214524
1.074 -0.0250838825957 0.0250838825957
1.076 -0.025030171822 0.025030171822
1.078 -0.0249764897648 0.0249764897648
1.08 -0.0249228370523 0.0249228370523
1.082 -0.0248692143073 0.0248692143073
1.084 -0.0248156221468 0.0248156221468
1.086 -0.0247620611828 0.0247620611828
1.088 -0.0247085320217 0.0247085320217
1.09 -0.0246550352646 0.0246550352646
1.092 -0.0246015715072 0.0246015715072
1.094 -0.0245481413401 0.0245481413401
1.096 -0.0244947453485 0.0244947453485
1.098 -0.0244413841125 0.0244413841125
1.1 -0.0243880582069 0.0243880582069
1.102 -0.0243347682014 0.0243347682014
1.104 -0.0242815146607 0.0242815146607
1.106 -0.0242282981442 0.0242282981442
1.108 -0.0241751192065 0.0241751192065
1.11 -0.0241219783969 0.0241219783969
1.112 -0.0240688762598 0.0240688762598
1.114 -0.0240158133349 0.0240158133348
1.116 -0.0239627901565 0.0239627901565
1.118 -0.0239098072544 0.0239098072544
1.12 -0.0238568651534 0.0238568651534
1.122 -0.0238039643734 0.0238039643734
1.124 -0.0237511054296 0.0237511054296
1.126 -0.0236982888322 0.0236982888322
1.128 -0.0236455150871 0.0236455150871
1.13 -0.023592784695 0.0235927846949
1.132 -0.0235400981521 0.0235400981521
1.134 -0.02348745595 0.02348745595
1.136 -0.0234348585758 0.0234348585757
1.138 -0.0233823065115 0.0233823065115
1.14 -0.0233298002352 0.0233298002352
1.142 -0.0232773402198 0.0232773402198
1.144 -0.0232249269343 0.0232249269343
1.146 -0.0231725608427 0.0231725608427
1.148 -0.0231202424048 0.0231202424048
1.15 -0.0230679720761 0.023067972076
1.152 -0.0230157503073 0.0230157503073
1.154 -0.0229635775451 0.0229635775451
1.156 -0.0229114542317 0.0229114542317
1.158 -0.022859380805 0.022859380805
1.16 -0.0228073576986 0.0228073576985
1.162 -0.0227553853418 0.0227553853418
1.164 -0.0227034641598 0.0227034641598
1.166 -0.0226515945735 0.0226515945735
1.168 -0.0225997769996 0.0225997769996
1.17 -0.0225480118506 0.0225480118506
1.172 -0.0224962995351 0.0224962995351
1.174 -0.0224446404574 0.0224446404574
1.176 -0.0223930350176 0.0223930350176
1.178 -0.0223414836122 0.0223414836122
1.18 -0.0222899866331 0.0222899866331
1.182 -0.0222385444687 0.0222385444687
1.184 -0.0221871575032 0.0221871575032
1.186 -0.0221358261169 0.0221358261169
1.188 -0.022084550686 0.022084550686
1.19 -0.0220333315831 0.0220333315831
1.192 -0.0219821691768 0.0219821691768
1.194 -0.0219310638318 0.0219310638318
1.196 -0.0218800159091 0.021880015909
1.198 -0.0218290257657 0.0218290257657
1.2 -0.0217780937551 0.0217780937551
1.202 -0.0217272202268 0.0217272202268
1.204 -0.0216764055268 0.0216764055268
1.206 -0.0216256499972 0.0216256499972
1.208 -0.0215749539766 0.0215749539766
1.21 -0.0215243177998 0.0215243177998
1.212 -0.0214737417981 0.0214737417981
1.214 -0.0214232262992 0.0214232262992
1.216 -0.021372771627 0.021372771627
1.218 -0.0213223781021 0.0213223781021
1.22 -0.0212720460414 0.0212720460414
1.222 -0.0212217757585 0.0212217757585
1.224 -0.0211715675633 0.0211715675633
1.226 -0.0211214217623 0.0211214217623
1.228 -0.0210713386586 0.0210713386585
1.23 -0.0210213185518 0.0210213185518
1.232 -0.0209713617382 0.0209713617382
1.234 -0.0209214685106 0.0209214685106
1.236 -0.0208716391587 0.0208716391587
1.238 -0.0208218739686 0.0208218739686
1.24 -0.0207721732232 0.0207721732232
1.242 -0.0207225372021 0.0207225372021
1.244 -0.0206729661817 0.0206729661817
1.246 -0.0206234604351 0.0206234604351
1.248 -0.0205740202321 0.0205740202321
1.25 -0.0205246458394 0.0205246458394
1.252 -0.0204753375206 0.0204753375206
1.254 -0.0204260955359 0.0204260955359
1.256 -0.0203769201427 0.0203769201427
1.258 -0.020327811595 0.0203278115949
1.26 -0.0202787701437 0.0202787701437
1.262 -0.0202297960369 0.0202297960369
1.264 -0.0201808895195 0.0201808895195
1.266 -0.0201320508332 0.0201320508331
1.268 -0.0200832802168 0.0200832802168
1.27 -0.0200345779064 0.0200345779064
1.272 -0.0199859441346 0.0199859441346
1.274 -0.0199373791315 0.0199373791315
1.276 -0.019888883124 0.019888883124
1.278 -0.0198404563361 0.0198404563361
1.28 -0.0197920989892 0.0197920989892
1.282 -0.0197438113014 0.0197438113014
1.284 -0.0196955934883 0.0196955934882
1.286 -0.0196474457624 0.0196474457624
1.288 -0.0195993683335 0.0195993683335
1.29 -0.0195513614088 0.0195513614088
1.292 -0.0195034251923 0.0195034251923
1.294 -0.0194555598857 0.0194555598857
1.296 -0.0194077656875 0.0194077656875
1.298 -0.0193600427939 0.0193600427939
1.3 -0.0193123913981 0.0193123913981
1.302 -0.0192648116908 0.0192648116908
1.304 -0.01921730386 0.01921730386
1.306 -0.0191698680909 0.0191698680909
1.308 -0.0191225045662 0.0191225045662
1.31 -0.0190752134661 0.0190752134661
1.312 -0.0190279949679 0.0190279949679
1.314 -0.0189808492467 0.0189808492467
1.316 -0.0189337764748 0.0189337764748
1.318 -0.0188867768219 0.0188867768219
1.32 -0.0188398504554 0.0188398504554
1.322 -0.0187929975401 0.0187929975401
1.324 -0.0187462182383 0.0187462182383
1.326 -0.0186995127097 0.0186995127097
1.328 -0.0186528811118 0.0186528811118
1.33 -0.0186063235996 0.0186063235995
1.332 -0.0185598403254 0.0185598403254
1.334 -0.0185134314395 0.0185134314395
1.336 -0.0184670970896 0.0184670970896
1.338 -0.0184208374211 0.0184208374211
1.34 -0.0183746525769 0.0183746525769
1.342 -0.0183285426978 0.0183285426978
1.344 -0.0182825079221 0.0182825079221
1.346 -0.0182365483858 0.0182365483858
1.348 -0.0181906642228 0.0181906642228
1.35 -0.0181448555645 0.0181448555645
1.352 -0.0180991225403 0.0180991225402
1.354 -0.018053465277 0.0180534652769
1.356 -0.0180078838994 0.0180078838994
1.358 -0.0179623785303 0.0179623785303
1.36 -0.0179169492898 0.0179169492898
1.362 -0.0178715962963 0.0178715962963
1.364 -0.0178263196659 0.0178263196658
1.366 -0.0177811195123 0.0177811195123
1.368 -0.0177359959474 0.0177359959473
1.37 -0.0176909490808 0.0176909490808
1.372 -0.0176459790201 0.0176459790201
1.374 -0.0176010858708 0.0176010858708
1.376 -0.0175562697363 0.0175562697363
1.378 -0.0175115307179 0.0175115307179
1.38 -0.017466868915 0.017466868915
1.382 -0.0174222844248 0.0174222844248
1.384 -0.0173777773426 0.0173777773426
1.386 -0.0173333477617 0.0173333477617
1.388 -0.0172889957734 0.0172889957734
1.39 -0.0172447214671 0.0172447214671
1.392 -0.01720052493 0.01720052493
1.394 -0.0171564062477 0.0171564062477
1.396 -0.0171123655036 0.0171123655036
1.398 -0.0170684027795 0.0170684027795
1.4 -0.0170245181549 0.0170245181548
1.402 -0.0169807117077 0.0169807117077
1.404 -0.0169369835138 0.0169369835138
1.406 -0.0168933336474 0.0168933336474
1.408 -0.0168497621808 0.0168497621808
1.41 -0.0168062691843 0.0168062691843
1.412 -0.0167628547266 0.0167628547266
1.414 -0.0167195188744 0.0167195188744
1.416 -0.0166762616929 0.0166762616929
1.418 -0.0166330832453 0.0166330832453
1.42 -0.016589983593 0.0165899835929
1.422 -0.0165469627957 0.0165469627957
1.424 -0.0165040209116 0.0165040209116
1.426 -0.0164611579969 0.0164611579969
1.428 -0.0164183741062 0.0164183741062
1.43 -0.0163756692923 0.0163756692923
1.432 -0.0163330436064 0.0163330436064
1.434 -0.016290497098 0.016290497098
1.436 -0.0162480298151 0.0162480298151
1.438 -0.0162056418038 0.0162056418038
1.44 -0.0161633331087 0.0161633331087
1.442 -0.0161211037728 0.0161211037728
1.444 -0.0160789538374 0.0160789538374
1.446 -0.0160368833422 0.0160368833422
1.448 -0.0159948923255 0.0159948923255
1.45 -0.0159529808238 0.0159529808238
1.452 -0.0159111488721 0.0159111488721
1.454 -0.015869396504 0.015869396504
1.456 -0.0158277237513 0.0158277237513
1.458 -0.0157861306445 0.0157861306445
1.46 -0.0157446172125 0.0157446172125
1.462 -0.0157031834827 0.0157031834827
1.464 -0.015661829481 0.015661829481
1.466 -0.0156205552318 0.0156205552318
1.468 -0.015579360758 0.015579360758
1.47 -0.0155382460813 0.0155382460813
1.472 -0.0154972112216 0.0154972112216
1.474 -0.0154562561975 0.0154562561975
1.476 -0.0154153810263 0.0154153810263
1.478 -0.0153745857238 0.0153745857238
1.48 -0.0153338703043 0.0153338703043
1.482 -0.0152932347808 0.0152932347808
1.484 -0.0152526791649 0.0152526791649
1.486 -0.015212203467 0.015212203467
1.488 -0.0151718076958 0.0151718076958
1.49 -0.0151314918589 0.0151314918589
1.492 -0.0150912559626 0.0150912559626
1.494 -0.0150511000117 0.0150511000117
1.496 -0.0150110240097 0.0150110240097
1.498 -0.014971027959 0.014971027959
1.5 -0.0149311118604 0.0149311118604
1.502 -0.0148912757138 0.0148912757138
1.504 -0.0148515195174 0.0148515195174
1.506 -0.0148118432684 0.0148118432684
1.508 -0.0147722469628 0.0147722469628
1.51 -0.014732730595 0.014732730595
1.512 -0.0146932941587 0.0146932941587
1.514 -0.0146539376459 0.0146539376459
1.516 -0.0146146610476 0.0146146610476
1.518 -0.0145754643536 0.0145754643536
1.52 -0.0145363475525 0.0145363475525
1.522 -0.0144973106317 0.0144973106317
1.524 -0.0144583535773 0.0144583535773
1.526 -0.0144194763744 0.0144194763744
1.528 -0.0143806790069 0.0143806790069
1.53 -0.0143419614576 0.0143419614576
1.532 -0.0143033237081 0.0143033237081
1.534 -0.0142647657389 0.0142647657388
1.536 -0.0142262875292 0.0142262875292
1.538 -0.0141878890574 0.0141878890574
1.54 -0.0141495703007 0.0141495703007
1.542 -0.014111331235 0.014111331235
1.544 -0.0140731718354 0.0140731718354
1.546 -0.0140350920759 0.0140350920759
1.548 -0.0139970919291 0.0139970919291
1.55 -0.013959171367 0.013959171367
1.552 -0.0139213303602 0.0139213303602
1.554 -0.0138835688786 0.0138835688786
1.556 -0.0138458868907 0.0138458868907
1.558 -0.0138082843642 0.0138082843642
1.56 -0.0137707612658 0.0137707612658
1.562 -0.0137333175612 0.0137333175612
1.564 -0.0136959532149 0.0136959532149
1.566 -0.0136586681907 0.0136586681907
1.568 -0.0136214624512 0.0136214624512
1.57 -0.0135843359582 0.0135843359582
1.572 -0.0135472886725 0.0135472886725
1.574 -0.0135103205538 0.0135103205537
1.576 -0.013473431561 0.0134734315609
1.578 -0.013436621652 0.013436621652
1.58 -0.0133998907839 0.0133998907839
1.582 -0.0133632389127 0.0133632389127
1.584 -0.0133266659937 0.0133266659937
1.586 -0.0132901719811 0.013290171981
1.588 -0.0132537568282 0.0132537568282
1.59 -0.0132174204875 0.0132174204875
1.592 -0.0131811629108 0.0131811629108
1.594 -0.0131449840486 0.0131449840486
1.596 -0.013108883851 0.013108883851
1.598 -0.0130728622668 0.0130728622668
1.6 -0.0130369192443 0.0130369192443
1.602 -0.0130010547308 0.0130010547308
1.604 -0.0129652686728 0.0129652686728
1.606 -0.0129295610159 0.0129295610159
1.608 -0.0128939317051 0.0128939317051
1.61 -0.0128583806843 0.0128583806843
1.612 -0.0128229078968 0.0128229078968
1.614 -0.012787513285 0.012787513285
1.616 -0.0127521967906 0.0127521967906
1.618 -0.0127169583544 0.0127169583544
1.62 -0.0126817979166 0.0126817979166
1.622 -0.0126467154165 0.0126467154164
1.624 -0.0126117107925 0.0126117107925
1.626 -0.0125767839826 0.0125767839826
1.628 -0.0125419349238 0.0125419349238
1.63 -0.0125071635524 0.0125071635524
1.632 -0.0124724698041 0.0124724698041
1.634 -0.0124378536136 0.0124378536136
1.636 -0.0124033149152 0.0124033149152
1.638 -0.0123688536422 0.0123688536422
1.64 -0.0123344697274 0.0123344697274
1.642 -0.0123001631029 0.0123001631029
1.644 -0.0122659336999 0.0122659336999
1.646 -0.0122317814492 0.0122317814492
1.648 -0.0121977062806 0.0121977062806
1.65 -0.0121637081236 0.0121637081236
1.652 -0.0121297869067 0.0121297869067
1.654 -0.0120959425579 0.0120959425579
1.656 -0.0120621750046 0.0120621750046
1.658 -0.0120284841733 0.0120284841733
1.66 -0.0119948699903 0.0119948699903
1.662 -0.0119613323808 0.0119613323808
1.664 -0.0119278712696 0.0119278712696
1.666 -0.0118944865809 0.0118944865809
1.668 -0.0118611782383 0.0118611782383
1.67 -0.0118279461646 0.0118279461646
1.672 -0.0117947902822 0.0117947902822
1.674 -0.0117617105128 0.0117617105128
1.676 -0.0117287067776 0.0117287067776
1.678 -0.0116957789971 0.0116957789971
1.68 -0.0116629270913 0.0116629270913
1.682 -0.0116301509795 0.0116301509795
1.684 -0.0115974505807 0.0115974505807
1.686 -0.011564825813 0.011564825813
1.688 -0.0115322765943 0.0115322765943
1.69 -0.0114998028416 0.0114998028416
1.692 -0.0114674044717 0.0114674044717
1.694 -0.0114350814005 0.0114350814005
1.696 -0.0114028335436 0.0114028335436
1.698 -0.0113706608161 0.0113706608161
1.7 -0.0113385631324 0.0113385631324
1.702 -0.0113065404066 0.0113065404066
1.704 -0.011274592552 0.011274592552
1.706 -0.0112427194818 0.0112427194818
1.708 -0.0112109211083 0.0112109211083
1.71 -0.0111791973435 0.0111791973435
1.712 -0.0111475480989 0.0111475480989
1.714 -0.0111159732855 0.0111159732855
1.716 -0.0110844728138 0.0110844728138
1.718 -0.0110530465939 0.0110530465939
1.72 -0.0110216945353 0.0110216945353
1.722 -0.0109904165473 0.0109904165472
1.724 -0.0109592125383 0.0109592125383
1.726 -0.0109280824167 0.0109280824167
1.728 -0.0108970260901 0.0108970260901
1.73 -0.010866043466 0.010866043466
1.732 -0.0108351344511 0.0108351344511
1.734 -0.010804298952 0.010804298952
1.736 -0.0107735368747 0.0107735368746
1.738 -0.0107428481246 0.0107428481246
1.74 -0.0107122326071 0.0107122326071
1.742 -0.0106816902269 0.0106816902269
1.744 -0.0106512208883 0.0106512208883
1.746 -0.0106208244954 0.0106208244953
1.748 -0.0105905009515 0.0105905009515
1.75 -0.01056025016 0.01056025016
1.752 -0.0105300720235 0.0105300720235
1.754 -0.0104999664446 0.0104999664445
1.756 -0.010469933325 0.010469933325
1.758 -0.0104399725666 0.0104399725666
1.76 -0.0104100840706 0.0104100840706
1.762 -0.0103802677378 0.0103802677377
1.764 -0.0103505234687 0.0103505234687
1.766 -0.0103208511637 0.0103208511637
1.768 -0.0102912507224 0.0102912507224
1.77 -0.0102617220443 0.0102617220443
1.772 -0.0102322650287 0.0102322650287
1.774 -0.0102028795742 0.0102028795742
1.776 -0.0101735655793 0.0101735655793
1.778 -0.0101443229422 0.0101443229422
1.78 -0.0101151515606 0.0101151515606
1.782 -0.010086051332 0.010086051332
1.784 -0.0100570221536 0.0100570221536
1.786 -0.0100280639222 0.0100280639222
1.788 -0.00999917653434 0.00999917653434
1.79 -0.00997035988623 0.00997035988622
1.792 -0.0099416138738 0.00994161387379
1.794 -0.00991293839268 0.00991293839267
1.796 -0.00988433333819 0.00988433333819
1.798 -0.00985579860539 0.00985579860538
1.8 -0.00982733408901 0.009827334089
1.802 -0.00979893968354 0.00979893968353
1.804 -0.00977061528317 0.00977061528317
1.806 -0.00974236078184 0.00974236078183
1.808 -0.00971417607317 0.00971417607316
1.81 -0.00968606105056 0.00968606105055
1.812 -0.00965801560713 0.00965801560712
1.814 -0.00963003963575 0.00963003963574
1.816 -0.00960213302902 0.00960213302901
1.818 -0.00957429567931 0.00957429567931
1.82 -0.00954652747873 0.00954652747872
1.822 -0.00951882831914 0.00951882831913
1.824 -0.00949119809217 0.00949119809216
1.826 -0.00946363668921 0.0094636366892
1.828 -0.00943614400143 0.00943614400142
1.83 -0.00940871991974 0.00940871991973
1.832 -0.00938136433486 0.00938136433485
1.834 -0.00935407713726 0.00935407713725
1.836 -0.00932685821721 0.00932685821721
1.838 -0.00929970746476 0.00929970746475
1.84 -0.00927262476974 0.00927262476974
1.842 -0.00924561002179 0.00924561002178
1.844 -0.00921866311032 0.00921866311031
1.846 -0.00919178392455 0.00919178392454
1.848 -0.00916497235352 0.00916497235352
1.85 -0.00913822828606 0.00913822828606
1.852 -0.0091115516108 0.00911155161079
1.854 -0.00908494221619 0.00908494221618
1.856 -0.00905839999051 0.0090583999905
1.858 -0.00903192482183 0.00903192482182
1.86 -0.00900551659806 0.00900551659805
1.862 -0.00897917520694 0.00897917520693
1.864 -0.00895290053602 0.00895290053601
1.866 -0.00892669247269 0.00892669247268
1.868 -0.00890055090419 0.00890055090419
1.87 -0.00887447571759 0.00887447571758
1.872 -0.00884846679978 0.00884846679978
1.874 -0.00882252403751 0.0088225240375
1.876 -0.00879664731738 0.00879664731737
1.878 -0.00877083652582 0.00877083652581
1.88 -0.00874509154915 0.00874509154914
1.882 -0.00871941227352 0.00871941227351
1.884 -0.00869379858493 0.00869379858492
1.886 -0.00866825036928 0.00866825036927
1.888 -0.00864276751228 0.00864276751228
1.89 -0.00861734989957 0.00861734989956
1.892 -0.0085919974166 0.00859199741659
1.894 -0.00856670994874 0.00856670994873
1.896 -0.00854148738121 0.0085414873812
1.898 -0.00851632959911 0.0085163295991
1.9 -0.00849123648744 0.00849123648744
1.902 -0.00846620793108 0.00846620793107
1.904 -0.00844124381477 0.00844124381477
1.906 -0.00841634402319 0.00841634402318
1.908 -0.00839150844086 0.00839150844085
1.91 -0.00836673695223 0.00836673695222
1.912 -0.00834202944164 0.00834202944163
1.914 -0.00831738579332 0.00831738579331
1.916 -0.00829280589142 0.00829280589141
1.918 -0.00826828961999 0.00826828961998
1.92 -0.00824383686298 0.00824383686297
1.922 -0.00821944750427 0.00821944750427
1.924 -0.00819512142763 0.00819512142763
1.926 -0.00817085851678 0.00817085851677
1.928 -0.00814665865531 0.0081466586553
1.93 -0.00812252172678 0.00812252172677
1.932 -0.00809844761464 0.00809844761463
1.934 -0.00807443620229 0.00807443620228
1.936 -0.00805048737304 0.00805048737303
1.938 -0.00802660101016 0.00802660101015
1.94 -0.00800277699682 0.00800277699681
1.942 -0.00797901521613 0.00797901521612
1.944 -0.00795531555117 0.00795531555116
1.946 -0.00793167788493 0.00793167788492
1.948 -0.00790810210034 0.00790810210034
1.95 -0.00788458808032 0.00788458808031
1.952 -0.00786113570768 0.00786113570767
1.954 -0.00783774486521 0.0078377448652
1.956 -0.00781441543565 0.00781441543564
1.958 -0.0077911473017 0.00779114730169
1.96 -0.007767940346 0.00776794034599
1.962 -0.00774479445118 0.00774479445117
1.964 -0.00772170949978 0.00772170949978
1.966 -0.00769868537436 0.00769868537435
1.968 -0.0076757219574 0.00767572195739
1.97 -0.00765281913137 0.00765281913137
1.972 -0.00762997677873 0.00762997677872
1.974 -0.00760719478187 0.00760719478186
1.976 -0.00758447302318 0.00758447302317
1.978 -0.00756181138501 0.007561811385
1.98 -0.00753920974972 0.00753920974971
1.982 -0.0075166679996 0.00751666799959
1.984 -0.00749418601696 0.00749418601696
1.986 -0.0074717636841 0.00747176368409
1.988 -0.00744940088327 0.00744940088327
1.99 -0.00742709749676 0.00742709749675
1.992 -0.00740485340679 0.00740485340678
1.994 -0.00738266849561 0.0073826684956
1.996 -0.00736054264546 0.00736054264546
1.998 -0.00733847573859 0.00733847573859
2.0 -0.00731646765721 0.0073164676572
dt=0.2
0.2 -3.51600230178 3.51600230178
0.4 -4.46644820586 4.46644820586
0.6 -4.25971059561 4.25971059561
0.8 -3.61482589973 3.61482589973
1.0 -2.87876416183 2.87876416183
1.2 -2.20309766447 2.20309766447
1.4 -1.64082313126 1.64082313126
1.6 -1.19830219892 1.19830219892
1.8 -0.862301322365 0.862301322365
2.0 -0.613451064437 0.613451064437
