49.3582582922 -0.000359955793601 49.2615052157
98.7156992076 -0.00107885353481 98.4254356407
148.072324522 -0.00215668585568 147.491792198
197.42813601 -0.0035934454091 196.460575807
246.783135443 -0.00538912486875 245.331787382
296.13732459 -0.00754371692904 294.105427835
345.490705221 -0.010057214305 342.781498071
394.8432791 -0.0129296097325 391.359998993
444.195047992 -0.0161608959676 439.840931501
493.546013659 -0.0197510657871 488.224296488
542.89617786 -0.0237001119882 536.510094845
592.245542354 -0.0280080273886 584.698327459
641.594108896 -0.0326748048261 632.788995213
690.941879241 -0.0377004371588 680.782098985
740.28885514 -0.0430849172653 728.67763965
789.635038344 -0.0488282380441 776.475618079
838.9804306 -0.0549303924138 824.176035138
888.325033655 -0.0613913733131 871.778891691
937.668849254 -0.0682111737009 919.284188598
987.011879138 -0.0753897865556 966.691926713
1036.35412505 -0.0829272048759 1014.00210689
1085.69558872 -0.0908234216801 1061.21472997
1135.0362719 -0.0990784300063 1108.32979681
1184.37617631 -0.107692222912 1155.34730823
1233.71530369 -0.116664793476 1202.26726509
1283.05365577 -0.125996134794 1249.0896682
1332.39123427 -0.135686239984 1295.81451841
1381.72804094 -0.145735102181 1342.44181653
1431.06407748 -0.156142714541 1388.97156339
1480.39934562 -0.166909070239 1435.4037598
1529.7338471 -0.17803416247 1481.73840658
1579.06758361 -0.189517984446 1527.97550454
1628.40055689 -0.201360529403 1574.11505448
1677.73276865 -0.21356179059 1620.15705722
1727.0642206 -0.22612176128 1666.10151354
1776.39491445 -0.239040434763 1711.94842425
1825.72485192 -0.252317804348 1757.69779014
1875.05403471 -0.265953863364 1803.34961199
1924.38246453 -0.279948605158 1848.90389059
1973.71014309 -0.294302023096 1894.36062673
2023.03707209 -0.309014110562 1939.71982118
2072.36325322 -0.324084860962 1984.98147472
2121.6886882 -0.339514267717 2030.14558812
2171.01337871 -0.355302324268 2075.21216214
2220.33732645 -0.371449024076 2120.18119755
2269.66053312 -0.387954360618 2165.05269512
2318.9830004 -0.404818327392 2209.8266556
2368.30473 -0.422040917913 2254.50307974
2417.6257236 -0.439622125714 2299.08196829
2466.94598288 -0.457561944348 2343.56332201
2516.26550953 -0.475860367386 2387.94714163
2565.58430523 -0.494517388415 2432.2334279
2614.90237167 -0.513533001044 2476.42218156
2664.21971052 -0.532907198897 2520.51340333
2713.53632347 -0.552639975618 2564.50709396
2762.85221219 -0.572731324868 2608.40325416
2812.16737836 -0.593181240327 2652.20188466
2861.48182364 -0.613989715691 2695.90298619
2910.79554971 -0.635156744677 2739.50655946
2960.10855824 -0.656682321018 2783.01260518
3009.4208509 -0.678566438465 2826.42112407
3058.73242935 -0.700809090786 2869.73211684
3108.04329525 -0.723410271768 2912.94558419
3157.35345028 -0.746369975217 2956.06152681
3206.66289609 -0.769688194953 2999.07994542
3255.97163434 -0.793364924817 3042.00084071
3305.2796667 -0.817400158666 3084.82421336
3354.5869948 -0.841793890374 3127.55006407
3403.89362032 -0.866546113834 3170.17839353
3453.1995449 -0.891656822956 3212.70920242
3502.50477019 -0.917126011666 3255.14249141
3551.80929784 -0.942953673909 3297.47826119
3601.11312951 -0.969139803647 3339.71651242
3650.41626683 -0.995684394858 3381.85724579
3699.71871146 -1.02258744154 3423.90046195
3749.02046503 -1.0498489377 3465.84616158
3798.32152918 -1.07746887738 3507.69434533
3847.62190557 -1.10544725462 3549.44501387
3896.92159581 -1.13378406348 3591.09816784
3946.22060156 -1.16247929806 3632.65380791
3995.51892444 -1.19153295243 3674.11193473
4044.81656609 -1.22094502073 3715.47254893
4094.11352814 -1.25071549708 3756.73565117
4143.40981222 -1.28084437563 3797.90124208
4192.70541996 -1.31133165055 3838.96932231
4242.00035299 -1.34217731603 3879.9398925
4291.29461292 -1.37338136625 3920.81295326
4340.58820139 -1.40494379543 3961.58850524
4389.88112002 -1.43686459782 4002.26654906
4439.17337043 -1.46914376765 4042.84708535
4488.46495423 -1.50178129919 4083.33011472
4537.75587305 -1.53477718673 4123.7156378
4587.0461285 -1.56813142456 4164.0036552
4636.33572219 -1.601844007 4204.19416754
4685.62465574 -1.63591492837 4244.28717542
4734.91293076 -1.67034418304 4284.28267946
4784.20054886 -1.70513176535 4324.18068026
4833.48751164 -1.74027766969 4363.98117842
4882.77382072 -1.77578189046 4403.68417454
4932.0594777 -1.81164442206 4443.28966921
4981.34448418 -1.84786525894 4482.79766304
5030.62884177 -1.88444439552 4522.20815662
5079.91255206 -1.92138182627 4561.52115052
5129.19561666 -1.95867754568 4600.73664535
5178.47803716 -1.99633154822 4639.85464168
5227.75981517 -2.03434382841 4678.8751401
5277.04095226 -2.07271438077 4717.79814117
5326.32145004 -2.11144319985 4756.62364549
5375.60131011 -2.15053028019 4795.35165362
5424.88053404 -2.18997561637 4833.98216613
5474.15912343 -2.22977920298 4872.5151836
5523.43707986 -2.26994103462 4910.95070658
5572.71440493 -2.31046110591 4949.28873564
5621.99110022 -2.35133941147 4987.52927134
5671.2671673 -2.39257594597 5025.67231425
5720.54260777 -2.43417070407 5063.71786491
5769.81742319 -2.47612368044 5101.66592387
5819.09161516 -2.51843486979 5139.5164917
5868.36518525 -2.56110426682 5177.26956893
5917.63813502 -2.60413186626 5214.92515612
5966.91046607 -2.64751766286 5252.4832538
6016.18217996 -2.69126165136 5289.94386252
6065.45327826 -2.73536382655 5327.30698282
6114.72376254 -2.77982418321 5364.57261523
6163.99363437 -2.82464271614 5401.74076029
6213.26289533 -2.86981942017 5438.81141852
6262.53154697 -2.91535429012 5475.78459046
6311.79959085 -2.96124732085 5512.66027664
6361.06702856 -3.00749850721 5549.43847757
6410.33386163 -3.05410784408 5586.11919379
6459.60009164 -3.10107532637 5622.7024258
6508.86572015 -3.14840094897 5659.18817413
6558.13074871 -3.19608470681 5695.57643929
6607.39517887 -3.24412659483 5731.8672218
6656.6590122 -3.29252660798 5768.06052216
6705.92225025 -3.34128474123 5804.15634089
6755.18489457 -3.39040098955 5840.15467849
6804.44694671 -3.43987534796 5876.05553546
6853.70840821 -3.48970781145 5911.8589123
6902.96928064 -3.53989837505 5947.56480952
6952.22956553 -3.59044703381 5983.17322761
7001.48926443 -3.64135378279 6018.68416707
7050.74837889 -3.69261861704 6054.09762839
7100.00691044 -3.74424153166 6089.41361206
7149.26486063 -3.79622252174 6124.63211856
7198.522231 -3.84856158239 6159.7531484
7247.77902309 -3.90125870876 6194.77670203
7297.03523844 -3.95431389597 6229.70277996
7346.29087858 -4.00772713918 6264.53138266
7395.54594505 -4.06149843356 6299.26251061
7444.80043938 -4.11562777431 6333.89616428
7494.0543631 -4.17011515661 6368.43234415
7543.30771774 -4.22496057568 6402.87105069
7592.56050484 -4.28016402676 6437.21228436
7641.81272593 -4.33572550507 6471.45604564
7691.06438252 -4.39164500588 6505.60233499
7740.31547615 -4.44792252445 6539.65115287
7789.56600834 -4.50455805607 6573.60249975
7838.81598062 -4.56155159604 6607.45637608
7888.0653945 -4.61890313967 6641.21278232
7937.31425151 -4.67661268228 6674.87171892
7986.56255317 -4.73468021921 6708.43318634
8035.81030099 -4.79310574583 6741.89718504
8085.05749649 -4.85188925748 6775.26371545
8134.3041412 -4.91103074956 6808.53277803
8183.55023661 -4.97053021747 6841.70437322
8232.79578426 -5.0303876566 6874.77850146
8282.04078564 -5.09060306238 6907.7551632
8331.28524227 -5.15117643025 6940.63435888
8380.52915566 -5.21210775565 6973.41608892
8429.77252732 -5.27339703405 7006.10035378
8479.01535875 -5.33504426093 7038.68715387
8528.25765146 -5.39704943178 7071.17648964
8577.49940696 -5.4594125421 7103.56836151
8626.74062675 -5.5221335874 7135.86276991
8675.98131234 -5.58521256322 7168.05971527
8725.22146521 -5.64864946511 7200.15919801
8774.46108688 -5.71244428861 7232.16121856
8823.70017884 -5.7765970293 7264.06577733
8872.93874258 -5.84110768277 7295.87287474
8922.17677962 -5.90597624462 7327.58251121
8971.41429143 -5.97120271044 7359.19468716
9020.65127952 -6.03678707587 7390.709403
9069.88774538 -6.10272933655 7422.12665913
9119.1236905 -6.16902948812 7453.44645598
9168.35911636 -6.23568752625 7484.66879394
9217.59402447 -6.30270344662 7515.79367343
9266.8284163 -6.37007724491 7546.82109485
9316.06229335 -6.43780891683 7577.7510586
9365.2956571 -6.50589845809 7608.58356508
9414.52850903 -6.57434586442 7639.31861469
9463.76085064 -6.64315113157 7669.95620783
9512.99268339 -6.71231425529 7700.4963449
9562.22400877 -6.78183523135 7730.93902629
9611.45482827 -6.85171405553 7761.28425238
9660.68514335 -6.92195072361 7791.53202358
9709.91495551 -6.99254523142 7821.68234027
9759.14426621 -7.06349757476 7851.73520285
9808.37307693 -7.13480774947 7881.69061168
9857.60138915 -7.20647575139 7911.54856717
9906.82920433 -7.27850157639 7941.30906968
9956.05652396 -7.35088522033 7970.97211961
10005.2833495 -7.42362667909 8000.53771733
10054.5096824 -7.49672594857 8030.00586322
10103.7355242 -7.57018302468 8059.37655765
10152.9608763 -7.64399790333 8088.649801
10202.1857401 -7.71817058047 8117.82559365
10251.4101173 -7.79270105203 8146.90393596
10300.6340091 -7.86758931398 8175.8848283
10349.8574171 -7.94283536229 8204.76827105
10399.0803428 -8.01843919293 8233.55426456
10448.3027875 -8.09440080191 8262.2428092
10497.5247528 -8.17072018523 8290.83390535
10546.7462402 -8.24739733892 8319.32755335
10595.967251 -8.32443225899 8347.72375357
10645.1877867 -8.40182494151 8376.02250636
10694.4078489 -8.47957538253 8404.2238121
10743.6274388 -8.55768357811 8432.32767112
10792.8465581 -8.63614952435 8460.33408379
10842.0652082 -8.71497321732 8488.24305045
10891.2833904 -8.79415465315 8516.05457147
10940.5011063 -8.87369382794 8543.76864719
10989.7183573 -8.95359073783 8571.38527795
11038.9351448 -9.03384537896 8598.90446411
11088.1514703 -9.11445774748 8626.32620601
11137.3673353 -9.19542783956 8653.650504
11186.5827412 -9.27675565139 8680.87735841
11235.7976894 -9.35844117914 8708.0067696
11285.0121813 -9.44048441903 8735.03873789
11334.2262185 -9.52288536726 8761.97326363
11383.4398024 -9.60564402007 8788.81034715
11432.6529343 -9.68876037369 8815.5499888
11481.8656158 -9.77223442438 8842.1921889
11531.0778482 -9.85606616839 8868.73694779
11580.2896331 -9.94025560199 8895.18426579
11629.5009718 -10.0248027215 8921.53414325
11678.7118658 -10.1097075232 8947.78658048
11727.9223165 -10.1949700033 8973.94157783
11777.1323254 -10.2805901583 8999.9991356
11826.3418938 -10.3665679844 9025.95925413
11875.5510233 -10.452903478 9051.82193374
11924.7597152 -10.5395966355 9077.58717475
11973.9679709 -10.6266474532 9103.25497749
12023.175792 -10.7140559274 9128.82534227
12072.3831798 -10.8018220547 9154.29826941
12121.5901357 -10.8899458313 9179.67375923
12170.7966612 -10.9784272537 9204.95181204
12220.0027577 -11.0672663184 9230.13242816
12269.2084266 -11.1564630217 9255.21560791
12318.4136694 -11.2460173601 9280.20135159
12367.6184874 -11.3359293301 9305.08965951
12416.8228821 -11.4261989281 9329.88053199
12466.026855 -11.5168261507 9354.57396933
12515.2304073 -11.6078109942 9379.16997183
12564.4335406 -11.6991534553 9403.66853982
12613.6362562 -11.7908535304 9428.06967358
12662.8385556 -11.8829112161 9452.37337342
12712.0404402 -11.9753265089 9476.57963965
12761.2419113 -12.0680994054 9500.68847257
12810.4429705 -12.1612299021 9524.69987247
12859.6436191 -12.2547179955 9548.61383965
12908.8438585 -12.3485636824 9572.43037442
12958.0436901 -12.4427669592 9596.14947706
13007.2431154 -12.5373278225 9619.77114788
13056.4421358 -12.6322462691 9643.29538716
13105.6407526 -12.7275222955 9666.7221952
13154.8389673 -12.8231558983 9690.0515723
13204.0367812 -12.9191470743 9713.28351873
13253.2341958 -13.01549582 9736.4180348
13302.4312125 -13.1122021322 9759.45512078
13351.6278327 -13.2092660075 9782.39477697
13400.8240577 -13.3066874426 9805.23700365
13450.0198891 -13.4044664343 9827.98180111
13499.2153281 -13.5026029792 9850.62916962
13548.4103761 -13.6010970741 9873.17910948
13597.6050347 -13.6999487156 9895.63162097
13646.7993051 -13.7991579007 9917.98670436
13695.9931887 -13.8987246259 9940.24435993
13745.1866871 -13.9986488881 9962.40458797
13794.3798014 -14.0989306842 9984.46738875
13843.5725333 -14.1995700107 10006.4327625
13892.7648839 -14.3005668646 10028.3007096
13941.9568548 -14.4019212427 10050.0712303
13991.1484473 -14.5036331419 10071.7443248
14040.3396628 -14.6057025588 10093.3199934
14089.5305027 -14.7081294904 10114.7982364
14138.7209683 -14.8109139336 10136.179054
14187.9110612 -14.9140558851 10157.4624466
14237.1007826 -15.017555342 10178.6484143
14286.2901339 -15.121412301 10199.7369575
14335.4791165 -15.225626759 10220.7280764
14384.6677318 -15.3301987131 10241.6217714
14433.8559812 -15.43512816 10262.4180425
14483.0438661 -15.5404150968 10283.1168902
14532.2313878 -15.6460595203 10303.7183147
14581.4185478 -15.7520614276 10324.2223162
14630.6053473 -15.8584208155 10344.628895
14679.7917879 -15.965137681 10364.9380513
14728.9778707 -16.0722120212 10385.1497855
14778.1635973 -16.179643833 10405.2640977
14827.348969 -16.2874331134 10425.2809883
14876.5339872 -16.3955798595 10445.2004575
14925.7186533 -16.5040840682 10465.0225055
14974.9029685 -16.6129457366 10484.7471326
15024.0869344 -16.7221648618 10504.374339
15073.2705522 -16.8317414407 10523.9041251
15122.4538234 -16.9416754705 10543.336491
15171.6367492 -17.0519669482 10562.671437
15220.8193312 -17.1626158709 10581.9089633
15270.0015706 -17.2736222358 10601.0490703
15319.1834687 -17.3849860398 10620.091758
15368.3650271 -17.4967072801 10639.0370269
15417.546247 -17.6087859539 10657.8848772
15466.7271297 -17.7212220583 10676.635309
15515.9076768 -17.8340155904 10695.2883226
15565.0878895 -17.9471665474 10713.8439183
15614.2677691 -18.0606749265 10732.3020963
15663.4473171 -18.1745407247 10750.6628569
15712.6265348 -18.2887639394 10768.9262002
15761.8054236 -18.4033445677 10787.0921267
15810.9839847 -18.5182826067 10805.1606363
15860.1622197 -18.6335780538 10823.1317295
15909.3401298 -18.7492309061 10841.0054065
15958.5177164 -18.865241161 10858.7816674
16007.6949808 -18.9816088155 10876.4605125
16056.8719244 -19.098333867 10894.0419421
16106.0485486 -19.2154163127 10911.5259564
16155.2248547 -19.33285615 10928.9125557
16204.400844 -19.450653376 10946.2017401
16253.576518 -19.5688079882 10963.3935098
16302.7518779 -19.6873199837 10980.4878652
16351.9269251 -19.8061893599 10997.4848065
16401.1016609 -19.9254161142 11014.3843338
16450.2760868 -20.0450002438 11031.1864475
16499.4502039 -20.1649417461 11047.8911477
16548.6240138 -20.2852406184 11064.4984346
16597.7975177 -20.4058968582 11081.0083086
16646.970717 -20.5269104627 11097.4207697
16696.143613 -20.6482814294 11113.7358184
16745.3162071 -20.7700097557 11129.9534546
16794.4885006 -20.8920954389 11146.0736788
16843.6604948 -21.0145384764 11162.0964911
16892.8321912 -21.1373388657 11178.0218918
16942.0035909 -21.2604966043 11193.849881
16991.1746954 -21.3840116894 11209.5804589
17040.345506 -21.5078841186 11225.2136259
17089.5160241 -21.6321138894 11240.7493822
17138.6862509 -21.7567009992 11256.1877278
17187.8561879 -21.8816454454 11271.5286631
17237.0258363 -22.0069472256 11286.7721883
17286.1951974 -22.1326063373 11301.9183036
17335.3642727 -22.2586227779 11316.9670092
17384.5330634 -22.384996545 11331.9183053
17433.7015709 -22.511727636 11346.7721922
17482.8697965 -22.6388160486 11361.5286701
17532.0377416 -22.7662617802 11376.1877391
17581.2054074 -22.8940648285 11390.7493995
17630.3727953 -23.0222251909 11405.2136515
17679.5399066 -23.150742865 11419.5804953
17728.7067427 -23.2796178485 11433.8499311
17777.8733049 -23.4088501388 11448.0219591
17827.0395944 -23.5384397336 11462.0965796
17876.2056127 -23.6683866305 11476.0737928
17925.371361 -23.7986908271 11489.9535988
17974.5368407 -23.929352321 11503.7359979
18023.7020531 -24.0603711099 11517.4209903
18072.8669995 -24.1917471914 11531.0085761
18122.0316812 -24.3234805631 11544.4987557
18171.1960996 -24.4555712227 11557.8915291
18220.360256 -24.5880191679 11571.1868966
18269.5241517 -24.7208243963 11584.3848585
18318.687788 -24.8539869056 11597.4854149
18367.8511662 -24.9875066936 11610.4885659
18417.0142876 -25.1213837579 11623.394312
18466.1771536 -25.2556180962 11636.2026531
18515.3397655 -25.3902097063 11648.9135895
18564.5021246 -25.5251585859 11661.5271215
18613.6642322 -25.6604647326 11674.0432492
18662.8260896 -25.7961281444 11686.4619729
18711.9876981 -25.9321488189 11698.7832927
18761.1490591 -26.0685267538 11711.0072088
18810.3101738 -26.2052619471 11723.1337214
18859.4710435 -26.3423543963 11735.1628307
18908.6316697 -26.4798040994 11747.094537
18957.7920535 -26.6176110541 11758.9288404
19006.9521963 -26.7557752583 11770.6657412
19056.1120994 -26.8942967098 11782.3052394
19105.271764 -27.0331754063 11793.8473354
19154.4311916 -27.1724113457 11805.2920293
19203.5903834 -27.3120045259 11816.6393212
19252.7493407 -27.4519549447 11827.8892115
19301.9080648 -27.5922626 11839.0417003
19351.066557 -27.7329274896 11850.0967877
19400.2248187 -27.8739496114 11861.0544741
19449.382851 -28.0153289633 11871.9147595
19498.5406554 -28.1570655433 11882.6776442
19547.6982331 -28.2991593491 11893.3431283
19596.8555854 -28.4416103787 11903.9112121
19646.0127136 -28.5844186301 11914.3818958
19695.169619 -28.7275841011 11924.7551794
19744.3263029 -28.8711067897 11935.0310633
19793.4827667 -29.0149866939 11945.2095476
19842.6390115 -29.1592238115 11955.2906325
19891.7950387 -29.3038181406 11965.2743182
19940.9508496 -29.4487696791 11975.1606049
19990.1064455 -29.594078425 11984.9494928
20039.2618277 -29.7397443763 11994.640982
20088.4169974 -29.885767531 12004.2350728
20137.571956 -30.032147887 12013.7317652
20186.7267047 -30.1788854425 12023.1310596
20235.8812448 -30.3259801953 12032.4329562
20285.0355777 -30.4734321437 12041.637455
20334.1897046 -30.6212412855 12050.7445563
20383.3436268 -30.7694076188 12059.7542602
20432.4973455 -30.9179311416 12068.666567
20481.6508622 -31.0668118522 12077.4814768
20530.804178 -31.2160497484 12086.1989899
20579.9572942 -31.3656448284 12094.8191063
20629.1102122 -31.5155970903 12103.3418263
20678.2629331 -31.6659065321 12111.7671501
20727.4154584 -31.816573152 12120.0950779
20776.5677892 -31.9675969481 12128.3256098
20825.7199269 -32.1189779184 12136.458746
20874.8718727 -32.2707160612 12144.4944867
20924.0236279 -32.4228113745 12152.432832
20973.1751938 -32.5752638564 12160.2737823
21022.3265717 -32.7280735053 12168.0173375
21071.4777628 -32.8812403191 12175.663498
21120.6287685 -33.034764296 12183.2122639
21169.7795899 -33.1886454343 12190.6636354
21218.9302285 -33.3428837321 12198.0176127
21268.0806853 -33.4974791876 12205.2741958
21317.2309618 -33.652431799 12212.4333851
21366.3810592 -33.8077415645 12219.4951807
21415.5309788 -33.9634084823 12226.4595828
21464.6807218 -34.1194325507 12233.3265916
21513.8302896 -34.2758137678 12240.0962071
21562.9796833 -34.4325521319 12246.7684297
21612.1289042 -34.5896476412 12253.3432595
21661.2779537 -34.747100294 12259.8206966
21710.426833 -34.9049100886 12266.2007413
21759.5755434 -35.0630770231 12272.4833937
21808.724086 -35.221601096 12278.6686541
21857.8724623 -35.3804823054 12284.7565224
21907.0206734 -35.5397206497 12290.7469991
21956.1687207 -35.6993161272 12296.6400841
22005.3166053 -35.8592687361 12302.4357778
22054.4643287 -36.0195784748 12308.1340802
22103.6118919 -36.1802453415 12313.7349916
22152.7592963 -36.3412693347 12319.2385122
22201.9065431 -36.5026504527 12324.644642
22251.0536337 -36.6643886937 12329.9533813
22300.2005692 -36.8264840562 12335.1647302
22349.3473509 -36.9889365385 12340.278689
22398.4939801 -37.1517461389 12345.2952578
22447.6404581 -37.3149128559 12350.2144367
22496.786786 -37.4784366879 12355.036226
22545.9329652 -37.6423176331 12359.7606259
22595.078997 -37.80655569 12364.3876364
22644.2248825 -37.971150857 12368.9172578
22693.370623 -38.1361031326 12373.3494902
22742.5162198 -38.3014125151 12377.6843338
22791.6616741 -38.4670790029 12381.9217888
22840.8069872 -38.6331025945 12386.0618554
22889.9521604 -38.7994832883 12390.1045337
22939.0971948 -38.9662210828 12394.0498239
22988.2420918 -39.1333159764 12397.8977262
23037.3868526 -39.3007679676 12401.6482407
23086.5314784 -39.4685770549 12405.3013677
23135.6759705 -39.6367432367 12408.8571072
23184.8203301 -39.8052665114 12412.3154595
23233.9645585 -39.9741468777 12415.6764248
23283.108657 -40.143384334 12418.9400031
23332.2526267 -40.3129788787 12422.1061947
23381.396469 -40.4829305105 12425.1749997
23430.540185 -40.6532392278 12428.1464184
23479.683776 -40.8239050291 12431.0204509
23528.8272433 -40.994927913 12433.7970973
23577.9705881 -41.166307878 12436.4763578
23627.1138117 -41.3380449227 12439.0582327
23676.2569152 -41.5101390456 12441.542722
23725.3999 -41.6825902452 12443.9298259
23774.5427672 -41.8553985202 12446.2195447
23823.6855181 -42.0285638691 12448.4118784
23872.828154 -42.2020862905 12450.5068273
23921.9706761 -42.375965783 12452.5043915
23971.1130855 -42.5502023451 12454.4045712
24020.2553837 -42.7247959756 12456.2073665
24069.3975717 -42.8997466729 12457.9127777
24118.5396509 -43.0750544357 12459.5208049
24167.6816224 -43.2507192626 12461.0314482
24216.8234875 -43.4267411523 12462.4447079
24265.9652475 -43.6031201033 12463.7605841
24315.1069035 -43.7798561144 12464.9790769
24364.2484569 -43.9569491841 12466.1001866
24413.3899087 -44.1343993112 12467.1239134
24462.5312604 -44.3122064942 12468.0502573
24511.672513 -44.4903707319 12468.8792185
24560.8136678 -44.668892023 12469.6107973
24609.9547261 -44.847770366 12470.2449938
24659.0956891 -45.0270057598 12470.7818081
24708.236558 -45.2065982029 12471.2212405
24757.377334 -45.3865476942 12471.5632911
24806.5180184 -45.5668542322 12471.80796
24855.6586123 -45.7475178158 12471.9552475
24904.7991171 -45.9285384436 12472.0051537
24953.9395339 -46.1099161144 12471.9576788
25003.079864 -46.2916508269 12471.8128229
25052.2201086 -46.4737425798 12471.5705862
25101.3602688 -46.6561913719 12471.2309689
25150.500346 -46.838997202 12470.7939712
25199.6403414 -47.0221600688 12470.2595932
25248.7802561 -47.205679971 12469.6278351
25297.9200914 -47.3895569075 12468.898697
25347.0598485 -47.573790877 12468.0721792
25396.1995287 -47.7583818783 12467.1482818
25445.3391331 -47.9433299102 12466.127005
25494.4786629 -48.1286349715 12465.0083489
25543.6181195 -48.314297061 12463.7923137
25592.7575039 -48.5003161776 12462.4788996
25641.8968175 -48.6866923199 12461.0681068
25691.0360613 -48.8734254869 12459.5599354
25740.1752367 -49.0605156774 12457.9543855
25789.3143449 -49.2479628902 12456.2514575
25838.453387 -49.4357671241 12454.4511513
25887.5923643 -49.6239283781 12452.5534673
25936.731278 -49.8124466509 12450.5584056
25985.8701293 -50.0013219415 12448.4659662
26035.0089194 -50.1905542486 12446.2761495
26084.1476495 -50.3801435712 12443.9889556
26133.2863208 -50.5700899081 12441.6043847
26182.4249346 -50.7603932582 12439.1224368
26231.563492 -50.9510536204 12436.5431123
26280.7019943 -51.1420709937 12433.8664112
26329.8404426 -51.3334453768 12431.0923338
26378.9788382 -51.5251767688 12428.2208802
26428.1171822 -51.7172651685 12425.2520505
26477.255476 -51.9097105748 12422.185845
26526.3937205 -52.1025129867 12419.0222639
26575.5319172 -52.2956724031 12415.7613072
26624.6700671 -52.4891888229 12412.4029752
26673.8081715 -52.6830622452 12408.9472681
26722.9462316 -52.8772926687 12405.394186
26772.0842486 -53.0718800926 12401.743729
26821.2222236 -53.2668245157 12397.9958974
26870.360158 -53.462125937 12394.1506914
26919.4980527 -53.6577843555 12390.208111
26968.6359092 -53.8537997701 12386.1681566
27017.7737285 -54.0501721799 12382.0308281
27066.9115119 -54.2469015839 12377.7961259
27116.0492606 -54.4439879809 12373.4640501
27165.1869757 -54.6414313701 12369.0346009
27214.3246584 -54.8392317504 12364.5077784
27263.46231 -55.0373891209 12359.8835829
27312.5999316 -55.2359034805 12355.1620144
27361.7375245 -55.4347748283 12350.3430732
27410.8750897 -55.6340031634 12345.4267595
27460.0126286 -55.8335884846 12340.4130734
27509.1501423 -56.0335307912 12335.302015
27558.2876319 -56.233830082 12330.0935847
27607.4250988 -56.4344863563 12324.7877824
27656.5625439 -56.635499613 12319.3846086
27705.6999687 -56.8368698512 12313.8840632
27754.8373741 -57.0385970699 12308.2861464
27803.9747615 -57.2406812682 12302.5908586
27853.112132 -57.4431224453 12296.7981997
27902.2494868 -57.6459206001 12290.9081701
27951.3868271 -57.8490757319 12284.9207699
28000.524154 -58.0525878395 12278.8359992
28049.6614688 -58.2564569223 12272.6538582
28098.7987725 -58.4606829792 12266.3743472
28147.9360665 -58.6652660094 12259.9974662
28197.0733519 -58.8702060119 12253.5232156
28246.2106298 -59.075502986 12246.9515954
28295.3479015 -59.2811569307 12240.2826058
28344.4851681 -59.4871678451 12233.516247
28393.6224308 -59.6935357284 12226.6525192
28442.7596907 -59.9002605797 12219.6914226
28491.8969492 -60.1073423982 12212.6329574
28541.0342072 -60.3147811831 12205.4771237
28590.1714661 -60.5225769334 12198.2239217
28639.3087269 -60.7307296483 12190.8733516
28688.4459908 -60.939239327 12183.4254135
28737.5832591 -61.1481059686 12175.8801078
28786.7205329 -61.3573295724 12168.2374344
28835.8578134 -61.5669101375 12160.4973937
28884.9951017 -61.7768476631 12152.6599858
28934.132399 -61.9871421483 12144.7252109
28983.2697064 -62.1977935925 12136.6930692
29032.4070253 -62.4088019946 12128.5635608
29081.5443566 -62.6201673541 12120.336686
29130.6817016 -62.83188967 12112.0124449
29179.8190614 -63.0439689416 12103.5908377
29228.9564373 -63.2564051681 12095.0718646
29278.0938304 -63.4691983488 12086.4555258
29327.2312418 -63.6823484827 12077.7418214
29376.3686727 -63.8958555693 12068.9307517
29425.5061242 -64.1097196076 12060.0223169
29474.6435976 -64.323940597 12051.0165171
29523.781094 -64.5385185367 12041.9133525
29572.9186146 -64.7534534259 12032.7128233
29622.0561604 -64.9687452639 12023.4149297
29671.1937327 -65.18439405 12014.0196719
29720.3313327 -65.4003997834 12004.52705
29769.4689615 -65.6167624633 11994.9370644
29818.6066202 -65.8334820891 11985.249715
29867.74431 -66.05055866 11975.4650022
29916.8820321 -66.2679921752 11965.5829262
29966.0197876 -66.4857826342 11955.6034871
30015.1575776 -66.7039300361 11945.526685
30064.2954034 -66.9224343803 11935.3525203
30113.4332661 -67.1412956661 11925.0809931
30162.5711668 -67.3605138926 11914.7121036
30211.7091067 -67.5800890594 11904.245852
30260.8470869 -67.8000211656 11893.6822385
30309.9851086 -68.0203102106 11883.0212632
30359.123173 -68.2409561936 11872.2629264
30408.2612811 -68.4619591141 11861.4072283
30457.3994342 -68.6833189713 11850.454169
30506.5376333 -68.9050357646 11839.4037488
30555.6758797 -69.1271094933 11828.2559678
30604.8141744 -69.3495401567 11817.0108263
30653.9525187 -69.5723277542 11805.6683245
30703.0909136 -69.7954722851 11794.2284625
30752.2293603 -70.0189737488 11782.6912405
30801.36786 -70.2428321446 11771.0566588
30850.5064137 -70.4670474718 11759.3247176
30899.6450227 -70.6916197299 11747.4954169
30948.7836881 -70.9165489182 11735.5687572
30997.922411 -71.1418350361 11723.5447384
31047.0611926 -71.3674780829 11711.423361
31096.2000339 -71.593478058 11699.2046249
31145.3389362 -71.8198349609 11686.8885306
31194.4779005 -72.0465487908 11674.475078
31243.6169281 -72.2736195471 11661.9642676
31292.7560199 -72.5010472293 11649.3560994
31341.8951773 -72.7288318367 11636.6505737
31391.0344013 -72.9569733688 11623.8476906
31440.173693 -73.185471825 11610.9474505
31489.3130536 -73.4143272045 11597.9498534
31538.4524842 -73.6435395069 11584.8548997
31587.5919859 -73.8731087316 11571.6625894
31636.73156 -74.103034878 11558.3729228
31685.8712074 -74.3333179454 11544.9859002
31735.0109293 -74.5639579334 11531.5015217
31784.1507269 -74.7949548413 11517.9197875
31833.2906013 -75.0263086686 11504.2406979
31882.4305536 -75.2580194147 11490.4642531
31931.570585 -75.490087079 11476.5904532
31980.7106965 -75.7225116609 11462.6192985
32029.8508893 -75.95529316 11448.5507893
32078.9911645 -76.1884315756 11434.3849256
32128.1315233 -76.4219269073 11420.1217077
32177.2719667 -76.6557791544 11405.761136
32226.4124959 -76.8899883164 11391.3032104
32275.553112 -77.1245543927 11376.7479314
32324.6938161 -77.3594773829 11362.095299
32373.8346094 -77.5947572863 11347.3453136
32422.9754929 -77.8303941025 11332.4979752
32472.1164678 -78.0663878309 11317.5532843
32521.2575352 -78.302738471 11302.5112408
32570.3986962 -78.5394460223 11287.3718452
32619.5399519 -78.7765104842 11272.1350976
32668.6813035 -79.0139318562 11256.8009982
32717.822752 -79.2517101378 11241.3695473
32766.9642986 -79.4898453285 11225.840745
32816.1059444 -79.7283374278 11210.2145917
32865.2476904 -79.9671864351 11194.4910875
32914.3895379 -80.20639235 11178.6702326
32963.5314879 -80.445955172 11162.7520273
33012.6735415 -80.6858749005 11146.7364718
33061.8156998 -80.926151535 11130.6235663
33110.957964 -81.1667850751 11114.4133111
33160.1003351 -81.4077755203 11098.1057063
33209.2428143 -81.64912287 11081.7007523
33258.3854026 -81.8908271238 11065.1984492
33307.5281012 -82.1328882813 11048.5987973
33356.6709112 -82.3753063418 11031.9017969
33405.8138336 -82.618081305 11015.107448
33454.9568696 -82.8612131703 10998.215751
33504.1000202 -83.1047019373 10981.2267062
33553.2432867 -83.3485476055 10964.1403136
33602.38667 -83.5927501744 10946.9565737
33651.5301712 -83.8373096436 10929.6754865
33700.6737916 -84.0822260125 10912.2970524
33749.8175321 -84.3274992808 10894.8212716
33798.9613938 -84.573129448 10877.2481444
33848.105378 -84.8191165136 10859.5776709
33897.2494855 -85.0654604771 10841.8098514
33946.3937176 -85.3121613381 10823.9446861
33995.5380754 -85.5592190961 10805.9821753
34044.6825599 -85.8066337507 10787.9223193
34093.8271722 -86.0544053014 10769.7651183
34142.9719134 -86.3025337478 10751.5105724
34192.1167847 -86.5510190894 10733.1586821
34241.261787 -86.7998613258 10714.7094474
34290.4069215 -87.0490604566 10696.1628687
34339.5521893 -87.2986164812 10677.5189462
34388.6975914 -87.5485293993 10658.7776802
34437.843129 -87.7987992104 10639.9390709
34486.9888031 -88.0494259141 10621.0031185
34536.1346148 -88.30040951 10601.9698233
34585.2805652 -88.5517499975 10582.8391856
34634.4266554 -88.8034473763 10563.6112056
34683.5728864 -89.055501646 10544.2858836
34732.7192593 -89.3079128061 10524.8632198
34781.8657753 -89.5606808562 10505.3432145
34831.0124354 -89.8138057958 10485.7258679
34880.1592407 -90.0672876246 10466.0111803
34929.3061922 -90.3211263421 10446.1991519
34978.453291 -90.5753219479 10426.2897831
35027.6005383 -90.8298744415 10406.283074
35076.747935 -91.0847838226 10386.1790249
35125.8954823 -91.3400500908 10365.9776362
35175.0431811 -91.5956732455 10345.678908
35224.1910327 -91.8516532865 10325.2828406
35273.3390381 -92.1079902132 10304.7894343
35322.4871983 -92.3646840254 10284.1986894
35371.6355144 -92.6217347224 10263.5106061
35420.7839875 -92.8791423041 10242.7251847
35469.9326186 -93.1369067698 10221.8424254
35519.0814089 -93.3950281193 10200.8623286
35568.2303593 -93.6535063521 10179.7848944
35617.379471 -93.9123414678 10158.6101232
35666.528745 -94.171533466 10137.3380153
35715.6781823 -94.4310823464 10115.9685709
35764.8277841 -94.6909881084 10094.5017903
35813.9775514 -94.9512507516 10072.9376737
35863.1274852 -95.2118702758 10051.2762215
35912.2775866 -95.4728466805 10029.517434
35961.4278568 -95.7341799652 10007.6613113
36010.5782966 -95.9958701296 9985.70785382
36059.7289073 -96.2579171732 9963.6570618
36108.8796897 -96.5203210957 9941.50893553
36158.0306451 -96.7830818967 9919.2634753
36207.1817745 -97.0461995758 9896.92068138
36256.3330788 -97.3096741325 9874.48055407
36305.4845592 -97.5735055665 9851.94309365
36354.6362168 -97.8376938774 9829.3083004
36403.7880525 -98.1022390647 9806.57617463
36452.9400674 -98.3671411281 9783.74671661
36502.0922625 -98.6324000671 9760.81992664
36551.244639 -98.8980158815 9737.79580502
36600.3971978 -99.1639885707 9714.67435203
36649.5499401 -99.4303181344 9691.45556797
36698.7028668 -99.6970045721 9668.13945314
36747.855979 -99.9640478835 9644.72600783
36797.0092777 -100.231448068 9621.21523235
36846.162764 -100.499205126 9597.60712699
36895.3164389 -100.767319056 9573.90169205
36944.4703035 -101.035789858 9550.09892783
36993.6243587 -101.304617532 9526.19883464
37042.7786058 -101.573802077 9502.20141278
37091.9330456 -101.843343493 9478.10666256
37141.0876792 -102.11324178 9453.91458429
37190.2425076 -102.383496936 9429.62517826
37239.397532 -102.654108962 9405.2384448
37288.5527532 -102.925077858 9380.7543842
37337.7081724 -103.196403622 9356.17299679
37386.8637906 -103.468086255 9331.49428287
37436.0196088 -103.740125756 9306.71824276
37485.1756281 -104.012522125 9281.84487678
37534.3318494 -104.285275361 9256.87418524
37583.4882738 -104.558385464 9231.80616845
37632.6449024 -104.831852433 9206.64082675
37681.8017361 -105.105676268 9181.37816044
37730.9587759 -105.379856969 9156.01816985
37780.116023 -105.654394535 9130.5608553
37829.2734783 -105.929288966 9105.00621713
37878.4311429 -106.204540262 9079.35425564
37927.5890177 -106.480148421 9053.60497117
37976.7471038 -106.756113444 9027.75836405
38025.9054023 -107.032435331 9001.81443461
38075.063914 -107.30911408 8975.77318318
38124.2226401 -107.586149691 8949.63461009
38173.3815816 -107.863542164 8923.39871567
38222.5407394 -108.141291499 8897.06550026
38271.7001146 -108.419397695 8870.63496419
38320.8597082 -108.697860752 8844.10710781
38370.0195213 -108.976680668 8817.48193145
38419.1795547 -109.255857445 8790.75943546
38468.3398096 -109.535391081 8763.93962016
38517.500287 -109.815281576 8737.02248592
38566.6609878 -110.09552893 8710.00803307
38615.821913 -110.376133142 8682.89626196
38664.9830638 -110.657094212 8655.68717293
38714.144441 -110.938412138 8628.38076634
38763.3060456 -111.220086922 8600.97704254
38812.4678788 -111.502118562 8573.47600187
38861.6299414 -111.784507058 8545.8776447
38910.7922345 -112.067252409 8518.18197137
38959.9547591 -112.350354616 8490.38898224
39009.1175161 -112.633813677 8462.49867768
39058.2805067 -112.917629593 8434.51105803
39107.4437317 -113.201802362 8406.42612366
39156.6071921 -113.486331984 8378.24387494
39205.7708891 -113.77121846 8349.96431222
39254.9348235 -114.056461787 8321.58743588
39304.0989963 -114.342061967 8293.11324627
39353.2634086 -114.628018998 8264.54174377
39402.4280613 -114.91433288 8235.87292875
39451.5929554 -115.201003613 8207.10680158
39500.7580919 -115.488031196 8178.24336263
39549.9234719 -115.775415628 8149.28261227
39599.0890962 -116.063156909 8120.22455089
39648.2549658 -116.35125504 8091.06917886
39697.4210818 -116.639710018 8061.81649655
39746.5874452 -116.928521844 8032.46650436
39795.7540568 -117.217690517 8003.01920267
39844.9209178 -117.507216037 7973.47459185
39894.088029 -117.797098404 7943.83267229
39943.2553914 -118.087337616 7914.09344439
39992.4230061 -118.377933673 7884.25690852
40041.590874 -118.668886575 7854.32306509
40090.7589961 -118.960196322 7824.29191448
40139.9273733 -119.251862912 7794.16345709
40189.0960066 -119.543886345 7763.93769332
40238.264897 -119.836266621 7733.61462355
40287.4340455 -120.12900374 7703.1942482
40336.603453 -120.4220977 7672.67656765
40385.7731206 -120.715548502 7642.06158232
40434.943049 -121.009356144 7611.34929261
40484.1132395 -121.303520626 7580.53969893
40533.2836928 -121.598041948 7549.63280168
40582.45441 -121.892920109 7518.62860127
40631.6253919 -122.188155109 7487.52709811
40680.7966397 -122.483746946 7456.32829262
40729.9681543 -122.779695621 7425.03218521
40779.1399365 -123.076001134 7393.6387763
40828.3119874 -123.372663482 7362.1480663
40877.4843079 -123.669682666 7330.56005565
40926.656899 -123.967058686 7298.87474475
40975.8297616 -124.26479154 7267.09213403
41025.0028966 -124.562881229 7235.21222392
41074.1763052 -124.861327751 7203.23501485
41123.349988 -125.160131106 7171.16050725
41172.5239463 -125.459291293 7138.98870154
41221.6981808 -125.758808313 7106.71959816
41270.8726925 -126.058682163 7074.35319755
41320.0474824 -126.358912845 7041.88950014
41369.2225514 -126.659500356 7009.32850637
41418.3979005 -126.960444697 6976.67021668
41467.5735305 -127.261745866 6943.91463151
41516.7494425 -127.563403864 6911.06175132
41565.9256374 -127.86541869 6878.11157654
41615.1021161 -128.167790342 6845.06410762
41664.2788796 -128.470518821 6811.91934501
41713.4559288 -128.773604126 6778.67728918
41762.6332645 -129.077046255 6745.33794056
41811.8108879 -129.38084521 6711.90129962
41860.9887997 -129.685000988 6678.36736681
41910.167001 -129.989513589 6644.7361426
41959.3454926 -130.294383013 6611.00762744
42008.5242755 -130.599609259 6577.18182181
42057.7033506 -130.905192326 6543.25872617
42106.8827188 -131.211132213 6509.23834098
42156.0623811 -131.51742892 6475.12066672
42205.2423384 -131.824082447 6440.90570385
42254.4225916 -132.131092792 6406.59345286
42303.6031416 -132.438459955 6372.18391422
42352.7839894 -132.746183935 6337.67708841
42401.9651358 -133.054264731 6303.07297591
42451.1465818 -133.362702343 6268.3715772
42500.3283283 -133.67149677 6233.57289277
42549.5103763 -133.980648011 6198.6769231
42598.6927265 -134.290156066 6163.68366869
42647.87538 -134.600020934 6128.59313002
42697.0583376 -134.910242614 6093.40530759
42746.2416003 -135.220821105 6058.1202019
42795.425169 -135.531756406 6022.73781343
42844.6090445 -135.843048518 5987.2581427
42893.7932278 -136.154697438 5951.6811902
42942.9777198 -136.466703167 5916.00695645
42992.1625213 -136.779065703 5880.23544193
43041.3476334 -137.091785047 5844.36664718
43090.5330568 -137.404861196 5808.40057269
43139.7187925 -137.71829415 5772.33721897
43188.9048414 -138.032083908 5736.17658656
43238.0912044 -138.34623047 5699.91867595
43287.2778824 -138.660733835 5663.56348768
43336.4648762 -138.975594002 5627.11102227
43385.6521868 -139.29081097 5590.56128023
43434.839815 -139.606384738 5553.91426211
43484.0277617 -139.922315305 5517.16996842
43533.2160279 -140.238602671 5480.3283997
43582.4046144 -140.555246835 5443.38955648
43631.5935221 -140.872247795 5406.3534393
43680.7827519 -141.189605552 5369.22004871
43729.9723046 -141.507320103 5331.98938523
43779.1621812 -141.825391449 5294.66144941
43828.3523825 -142.143819588 5257.23624181
43877.5429094 -142.462604519 5219.71376296
43926.7337627 -142.781746242 5182.09401343
43975.9249435 -143.101244756 5144.37699375
44025.1164524 -143.421100059 5106.5627045
44074.3082905 -143.741312151 5068.65114622
44123.5004585 -144.06188103 5030.64231948
44172.6929574 -144.382806697 4992.53622484
44221.8857879 -144.704089149 4954.33286287
44271.0789511 -145.025728387 4916.03223413
44320.2724477 -145.347724408 4877.6343392
44369.4662786 -145.670077212 4839.13917865
44418.6604446 -145.992786798 4800.54675305
44467.8549467 -146.315853166 4761.85706298
44517.0497857 -146.639276313 4723.07010903
44566.2449624 -146.963056239 4684.18589178
44615.4404778 -147.287192943 4645.20441181
44664.6363325 -147.611686424 4606.12566971
44713.8325276 -147.936536681 4566.94966608
44763.0290639 -148.261743712 4527.67640151
44812.2259422 -148.587307518 4488.30587659
44861.4231633 -148.913228096 4448.83809192
44910.6207282 -149.239505446 4409.27304811
44959.8186376 -149.566139566 4369.61074576
45009.0168924 -149.893130456 4329.85118548
45058.2154934 -150.220478114 4289.99436788
45107.4144416 -150.54818254 4250.04029356
45156.6137376 -150.876243731 4209.98896316
45205.8133825 -151.204661688 4169.84037727
45255.0133769 -151.533436408 4129.59453654
45304.2137218 -151.862567891 4089.25144157
45353.4144179 -152.192056136 4048.81109299
45402.6154662 -152.521901141 4008.27349144
45451.8168674 -152.852102905 3967.63863755
45501.0186224 -153.182661427 3926.90653195
45550.2207319 -153.513576706 3886.07717527
45599.4231969 -153.84484874 3845.15056817
45648.6260181 -154.176477529 3804.12671128
45697.8291964 -154.508463071 3763.00560525
45747.0327326 -154.840805365 3721.78725072
45796.2366275 -155.17350441 3680.47164836
45845.4408819 -155.506560204 3639.05879881
45894.6454967 -155.839972747 3597.54870274
45943.8504726 -156.173742036 3555.9413608
45993.0558106 -156.50786807 3514.23677365
46042.2615113 -156.842350849 3472.43494197
46091.4675756 -157.177190371 3430.53586642
46140.6740043 -157.512386635 3388.53954768
46189.8807982 -157.847939639 3346.44598643
46239.0879582 -158.183849381 3304.25518333
46288.295485 -158.520115862 3261.96713907
46337.5033794 -158.856739078 3219.58185434
46386.7116422 -159.19371903 3177.09932983
46435.9202743 -159.531055715 3134.51956622
46485.1292764 -159.868749132 3091.84256421
46534.3386493 -160.206799279 3049.06832449
46583.5483938 -160.545206156 3006.19684777
46632.7585108 -160.883969761 2963.22813475
46681.9690009 -161.223090092 2920.16218614
46731.179865 -161.562567148 2876.99900264
46780.3911039 -161.902400927 2833.73858497
46829.6027184 -162.242591428 2790.38093384
46878.8147093 -162.58313865 2746.92604997
46928.0270772 -162.92404259 2703.37393409
46977.2398231 -163.265303248 2659.72458692
47026.4529477 -163.606920622 2615.97800919
47075.6664517 -163.94889471 2572.13420162
47124.880336 -164.291225511 2528.19316497
47174.0946013 -164.633913023 2484.15489995
47223.3092484 -164.976957245 2440.01940732
47272.524278 -165.320358174 2395.78668783
47321.739691 -165.66411581 2351.45674221
47370.9554881 -166.008230151 2307.02957122
47420.17167 -166.352701195 2262.50517561
47469.3882376 -166.697528941 2217.88355615
47518.6051916 -167.042713387 2173.1647136
47567.8225327 -167.38825453 2128.34864872
47617.0402618 -167.73415237 2083.43536227
47666.2583795 -168.080406905 2038.42485504
47715.4768866 -168.427018133 1993.31712779
47764.6957839 -168.773986052 1948.11218131
47813.9150721 -169.121310661 1902.81001638
47863.134752 -169.468991958 1857.41063378
47912.3548244 -169.817029941 1811.9140343
47961.5752899 -170.165424608 1766.32021873
48010.7961493 -170.514175958 1720.62918788
48060.0174033 -170.863283988 1674.84094254
48109.2390528 -171.212748698 1628.95548352
48158.4610984 -171.562570084 1582.97281162
48207.6835409 -171.912748146 1536.89292765
48256.906381 -172.26328288 1490.71583242
48306.1296194 -172.614174287 1444.44152676
48355.353257 -172.965422362 1398.07001149
48404.5772943 -173.317027106 1351.60128743
48453.8017321 -173.668988515 1305.03535541
48503.0265712 -174.021306588 1258.37221626
48552.2518123 -174.373981322 1211.61187082
48601.4774561 -174.727012717 1164.75431993
48650.7035034 -175.080400769 1117.79956443
48699.9299547 -175.434145477 1070.74760516
48749.156811 -175.788246839 1023.59844299
48798.3840728 -176.142704853 976.352078767
48847.6117409 -176.497519517 929.008513346
48896.839816 -176.852690828 881.56774759
48946.0682988 -177.208218785 834.029782368
48995.29719 -177.564103385 786.394618549
49044.5264903 -177.920344627 738.662257006
49093.7562005 -178.276942507 690.832698619
49142.9863212 -178.633897025 642.905944268
49192.2168531 -178.991208178 594.88199484
