0.1 10.1
0.2 10.201
0.3 10.30301
0.4 10.4060401
0.5 10.510100501
0.6 10.615201506
0.7 10.7213535211
0.8 10.8285670563
0.9 10.9368527268
1.0 11.0462212541
1.1 11.1566834667
1.2 11.2682503013
1.3 11.3809328043
1.4 11.4947421324
1.5 11.6096895537
1.6 11.7257864492
1.7 11.8430443137
1.8 11.9614747569
1.9 12.0810895044
2.0 12.2019003995
2.1 12.3239194035
2.2 12.4471585975
2.3 12.5716301835
2.4 12.6973464853
2.5 12.8243199502
2.6 12.9525631497
2.7 13.0820887812
2.8 13.212909669
2.9 13.3450387657
3.0 13.4784891533
3.1 13.6132740449
3.2 13.7494067853
3.3 13.8869008532
3.4 14.0257698617
3.5 14.1660275603
3.6 14.3076878359
3.7 14.4507647143
3.8 14.5952723614
3.9 14.741225085
4.0 14.8886373359
4.1 15.0375237092
4.2 15.1878989463
4.3 15.3397779358
4.4 15.4931757152
4.5 15.6481074723
4.6 15.804588547
4.7 15.9626344325
4.8 16.1222607768
4.9 16.2834833846
5.0 16.4463182184
5.1 16.6107814006
5.2 16.7768892146
5.3 16.9446581068
5.4 17.1141046878
5.5 17.2852457347
5.6 17.4580981921
5.7 17.632679174
5.8 17.8090059657
5.9 17.9870960254
6.0 18.1669669856
6.1 18.3486366555
6.2 18.5321230221
6.3 18.7174442523
6.4 18.9046186948
6.5 19.0936648817
6.6 19.2846015306
6.7 19.4774475459
6.8 19.6722220213
6.9 19.8689442415
7.0 20.067633684
7.1 20.2683100208
7.2 20.470993121
7.3 20.6757030522
7.4 20.8824600827
7.5 21.0912846836
7.6 21.3021975304
7.7 21.5152195057
7.8 21.7303717008
7.9 21.9476754178
8.0 22.1671521719
8.1 22.3888236937
8.2 22.6127119306
8.3 22.8388390499
8.4 23.0672274404
8.5 23.2978997148
8.6 23.530878712
8.7 23.7661874991
8.8 24.0038493741
8.9 24.2438878678
9.0 24.4863267465
9.1 24.7311900139
9.2 24.9785019141
9.3 25.2282869332
9.4 25.4805698026
9.5 25.7353755006
9.6 25.9927292556
9.7 26.2526565481
9.8 26.5151831136
9.9 26.7803349448
10.0 27.0481382942
10.1 27.3186196772
10.2 27.5918058739
10.3 27.8677239327
10.4 28.146401172
10.5 28.4278651837
10.6 28.7121438356
10.7 28.9992652739
10.8 29.2892579266
10.9 29.5821505059
11.0 29.877972011
11.1 30.1767517311
11.2 30.4785192484
11.3 30.7833044409
11.4 31.0911374853
11.5 31.4020488601
11.6 31.7160693487
11.7 32.0332300422
11.8 32.3535623426
11.9 32.6770979661
12.0 33.0038689457
12.1 33.3339076352
12.2 33.6672467115
12.3 34.0039191787
12.4 34.3439583704
12.5 34.6873979542
12.6 35.0342719337
12.7 35.384614653
12.8 35.7384607996
12.9 36.0958454076
13.0 36.4568038616
13.1 36.8213719002
13.2 37.1895856193
13.3 37.5614814754
13.4 37.9370962902
13.5 38.3164672531
13.6 38.6996319256
13.7 39.0866282449
13.8 39.4774945273
13.9 39.8722694726
14.0 40.2709921673
14.1 40.673702089
14.2 41.0804391099
14.3 41.491243501
14.4 41.906155936
14.5 42.3252174954
14.6 42.7484696703
14.7 43.175954367
14.8 43.6077139107
14.9 44.0437910498
15.0 44.4842289603
15.1 44.9290712499
15.2 45.3783619624
15.3 45.832145582
15.4 46.2904670378
15.5 46.7533717082
15.6 47.2209054253
15.7 47.6931144796
15.8 48.1700456244
15.9 48.6517460806
16.0 49.1382635414
16.1 49.6296461768
16.2 50.1259426386
16.3 50.627202065
16.4 51.1334740856
16.5 51.6448088265
16.6 52.1612569147
16.7 52.6828694839
16.8 53.2096981787
16.9 53.7417951605
17.0 54.2792131121
17.1 54.8220052432
17.2 55.3702252957
17.3 55.9239275486
17.4 56.4831668241
17.5 57.0479984924
17.6 57.6184784773
17.7 58.1946632621
17.8 58.7766098947
17.9 59.3643759936
18.0 59.9580197536
18.1 60.5575999511
18.2 61.1631759506
18.3 61.7748077101
18.4 62.3925557872
18.5 63.0164813451
18.6 63.6466461585
18.7 64.2831126201
18.8 64.9259437463
18.9 65.5752031838
19.0 66.2309552156
19.1 66.8932647678
19.2 67.5621974155
19.3 68.2378193896
19.4 68.9201975835
19.5 69.6093995593
19.6 70.3054935549
19.7 71.0085484905
19.8 71.7186339754
19.9 72.4358203151
20.0 73.1601785183
20.1 73.8917803035
20.2 74.6306981065
20.3 75.3770050876
20.4 76.1307751385
20.5 76.8920828898
20.6 77.6610037187
20.7 78.4376137559
20.8 79.2219898935
20.9 80.0142097924
21.0 80.8143518903
21.1 81.6224954093
21.2 82.4387203633
21.3 83.263107567
21.4 84.0957386426
21.5 84.9366960291
21.6 85.7860629894
21.7 86.6439236193
21.8 87.5103628554
21.9 88.385466484
22.0 89.2693211488
22.1 90.1620143603
22.2 91.0636345039
22.3 91.974270849
22.4 92.8940135575
22.5 93.822953693
22.6 94.76118323
22.7 95.7087950623
22.8 96.6658830129
22.9 97.632541843
23.0 98.6088672615
23.1 99.5949559341
23.2 100.590905493
23.3 101.596814548
23.4 102.612782694
23.5 103.638910521
23.6 104.675299626
23.7 105.722052622
23.8 106.779273148
23.9 107.84706588
24.0 108.925536539
24.1 110.014791904
24.2 111.114939823
24.3 112.226089221
24.4 113.348350114
24.5 114.481833615
24.6 115.626651951
24.7 116.78291847
24.8 117.950747655
24.9 119.130255132
25.0 120.321557683
25.1 121.52477326
25.2 122.740020992
25.3 123.967421202
25.4 125.207095414
25.5 126.459166368
25.6 127.723758032
25.7 129.000995612
25.8 130.291005569
25.9 131.593915624
26.0 132.909854781
26.1 134.238953328
26.2 135.581342862
26.3 136.93715629
26.4 138.306527853
26.5 139.689593132
26.6 141.086489063
26.7 142.497353954
26.8 143.922327493
26.9 145.361550768
27.0 146.815166276
27.1 148.283317939
27.2 149.766151118
27.3 151.263812629
27.4 152.776450755
27.5 154.304215263
27.6 155.847257416
27.7 157.40572999
27.8 158.97978729
27.9 160.569585163
28.0 162.175281014
28.1 163.797033824
28.2 165.435004163
28.3 167.089354204
28.4 168.760247746
28.5 170.447850224
28.6 172.152328726
28.7 173.873852013
28.8 175.612590533
28.9 177.368716439
29.0 179.142403603
29.1 180.933827639
29.2 182.743165915
29.3 184.570597575
29.4 186.41630355
29.5 188.280466586
29.6 190.163271252
29.7 192.064903964
29.8 193.985553004
29.9 195.925408534
30.0 197.884662619
30.1 199.863509245
30.2 201.862144338
30.3 203.880765781
30.4 205.919573439
30.5 207.978769173
30.6 210.058556865
30.7 212.159142434
30.8 214.280733858
30.9 216.423541197
31.0 218.587776609
31.1 220.773654375
31.2 222.981390919
31.3 225.211204828
31.4 227.463316876
31.5 229.737950045
31.6 232.035329545
31.7 234.355682841
31.8 236.699239669
31.9 239.066232066
32.0 241.456894386
32.1 243.87146333
32.2 246.310177964
32.3 248.773279743
32.4 251.261012541
32.5 253.773622666
32.6 256.311358893
32.7 258.874472482
32.8 261.463217207
32.9 264.077849379
33.0 266.718627872
33.1 269.385814151
33.2 272.079672293
33.3 274.800469016
33.4 277.548473706
33.5 280.323958443
33.6 283.127198027
33.7 285.958470007
33.8 288.818054708
33.9 291.706235255
34.0 294.623297607
34.1 297.569530583
34.2 300.545225889
34.3 303.550678148
34.4 306.586184929
34.5 309.652046779
34.6 312.748567246
34.7 315.876052919
34.8 319.034813448
34.9 322.225161583
35.0 325.447413198
35.1 328.70188733
35.2 331.988906204
35.3 335.308795266
35.4 338.661883218
35.5 342.048502051
35.6 345.468987071
35.7 348.923676942
35.8 352.412913711
35.9 355.937042848
36.0 359.496413277
36.1 363.09137741
36.2 366.722291184
36.3 370.389514096
36.4 374.093409237
36.5 377.834343329
36.6 381.612686762
36.7 385.42881363
36.8 389.283101766
36.9 393.175932784
37.0 397.107692112
37.1 401.078769033
37.2 405.089556723
37.3 409.14045229
37.4 413.231856813
37.5 417.364175381
37.6 421.537817135
37.7 425.753195306
37.8 430.01072726
37.9 434.310834532
38.0 438.653942877
38.1 443.040482306
38.2 447.470887129
38.3 451.945596001
38.4 456.465051961
38.5 461.02970248
38.6 465.639999505
38.7 470.2963995
38.8 474.999363495
38.9 479.74935713
39.0 484.546850701
39.1 489.392319208
39.2 494.2862424
39.3 499.229104824
39.4 504.221395873
39.5 509.263609831
39.6 514.35624593
39.7 519.499808389
39.8 524.694806473
39.9 529.941754538
40.0 535.241172083
40.1 540.593583804
40.2 545.999519642
40.3 551.459514838
40.4 556.974109987
40.5 562.543851086
40.6 568.169289597
40.7 573.850982493
40.8 579.589492318
40.9 585.385387241
41.0 591.239241114
41.1 597.151633525
41.2 603.12314986
41.3 609.154381359
41.4 615.245925172
41.5 621.398384424
41.6 627.612368268
41.7 633.888491951
41.8 640.227376871
41.9 646.629650639
42.0 653.095947146
42.1 659.626906617
42.2 666.223175683
42.3 672.88540744
42.4 679.614261515
42.5 686.41040413
42.6 693.274508171
42.7 700.207253253
42.8 707.209325785
42.9 714.281419043
43.0 721.424233234
43.1 728.638475566
43.2 735.924860322
43.3 743.284108925
43.4 750.716950014
43.5 758.224119514
43.6 765.806360709
43.7 773.464424316
43.8 781.19906856
43.9 789.011059245
44.0 796.901169838
44.1 804.870181536
44.2 812.918883351
44.3 821.048072185
44.4 829.258552907
44.5 837.551138436
44.6 845.92664982
44.7 854.385916318
44.8 862.929775481
44.9 871.559073236
45.0 880.274663969
45.1 889.077410608
45.2 897.968184714
45.3 906.947866562
45.4 916.017345227
45.5 925.177518679
45.6 934.429293866
45.7 943.773586805
45.8 953.211322673
45.9 962.7434359
46.0 972.370870259
46.1 982.094578961
46.2 991.915524751
46.3 1001.83468
46.4 1011.8530268
46.5 1021.97155707
46.6 1032.19127264
46.7 1042.51318536
46.8 1052.93831722
46.9 1063.46770039
47.0 1074.10237739
47.1 1084.84340117
47.2 1095.69183518
47.3 1106.64875353
47.4 1117.71524107
47.5 1128.89239348
47.6 1140.18131741
47.7 1151.58313059
47.8 1163.09896189
47.9 1174.72995151
48.0 1186.47725103
48.1 1198.34202354
48.2 1210.32544377
48.3 1222.42869821
48.4 1234.65298519
48.5 1246.99951504
48.6 1259.46951019
48.7 1272.06420529
48.8 1284.78484735
48.9 1297.63269582
49.0 1310.60902278
49.1 1323.71511301
49.2 1336.95226414
49.3 1350.32178678
49.4 1363.82500465
49.5 1377.46325469
49.6 1391.23788724
49.7 1405.15026611
49.8 1419.20176877
49.9 1433.39378646
50.0 1447.72772433
50.1 1462.20500157
50.2 1476.82705158
50.3 1491.5953221
50.4 1506.51127532
50.5 1521.57638807
50.6 1536.79215196
50.7 1552.16007348
50.8 1567.68167421
50.9 1583.35849095
51.0 1599.19207586
51.1 1615.18399662
51.2 1631.33583659
51.3 1647.64919495
51.4 1664.1256869
51.5 1680.76694377
51.6 1697.57461321
51.7 1714.55035934
51.8 1731.69586293
51.9 1749.01282156
52.0 1766.50294978
52.1 1784.16797928
52.2 1802.00965907
52.3 1820.02975566
52.4 1838.23005322
52.5 1856.61235375
52.6 1875.17847729
52.7 1893.93026206
52.8 1912.86956468
52.9 1931.99826033
53.0 1951.31824293
53.1 1970.83142536
53.2 1990.53973961
53.3 2010.44513701
53.4 2030.54958838
53.5 2050.85508426
53.6 2071.36363511
53.7 2092.07727146
53.8 2112.99804417
53.9 2134.12802461
54.0 2155.46930486
54.1 2177.02399791
54.2 2198.79423789
54.3 2220.78218027
54.4 2242.99000207
54.5 2265.41990209
54.6 2288.07410111
54.7 2310.95484212
54.8 2334.06439054
54.9 2357.40503445
55.0 2380.97908479
55.1 2404.78887564
55.2 2428.8367644
55.3 2453.12513204
55.4 2477.65638336
55.5 2502.43294719
55.6 2527.45727667
55.7 2552.73184943
55.8 2578.25916793
55.9 2604.04175961
56.0 2630.0821772
56.1 2656.38299897
56.2 2682.94682896
56.3 2709.77629725
56.4 2736.87406023
56.5 2764.24280083
56.6 2791.88522884
56.7 2819.80408113
56.8 2848.00212194
56.9 2876.48214316
57.0 2905.24696459
57.1 2934.29943423
57.2 2963.64242858
57.3 2993.27885286
57.4 3023.21164139
57.5 3053.4437578
57.6 3083.97819538
57.7 3114.81797734
57.8 3145.96615711
57.9 3177.42581868
58.0 3209.20007687
58.1 3241.29207764
58.2 3273.70499841
58.3 3306.4420484
58.4 3339.50646888
58.5 3372.90153357
58.6 3406.6305489
58.7 3440.69685439
58.8 3475.10382294
58.9 3509.85486117
59.0 3544.95340978
59.1 3580.40294388
59.2 3616.20697332
59.3 3652.36904305
59.4 3688.89273348
59.5 3725.78166081
59.6 3763.03947742
59.7 3800.6698722
59.8 3838.67657092
59.9 3877.06333663
60.0 3915.83396999
60.1 3954.99230969
60.2 3994.54223279
60.3 4034.48765512
60.4 4074.83253167
60.5 4115.58085699
60.6 4156.73666556
60.7 4198.30403221
60.8 4240.28707253
60.9 4282.68994326
61.0 4325.51684269
61.1 4368.77201112
61.2 4412.45973123
61.3 4456.58432854
61.4 4501.15017183
61.5 4546.16167355
61.6 4591.62329028
61.7 4637.53952318
61.8 4683.91491842
61.9 4730.7540676
62.0 4778.06160828
62.1 4825.84222436
62.2 4874.1006466
62.3 4922.84165307
62.4 4972.0700696
62.5 5021.79077029
62.6 5072.008678
62.7 5122.72876478
62.8 5173.95605243
62.9 5225.69561295
63.0 5277.95256908
63.1 5330.73209477
63.2 5384.03941572
63.3 5437.87980987
63.4 5492.25860797
63.5 5547.18119405
63.6 5602.65300599
63.7 5658.67953605
63.8 5715.26633141
63.9 5772.41899473
64.0 5830.14318468
64.1 5888.44461652
64.2 5947.32906269
64.3 6006.80235331
64.4 6066.87037685
64.5 6127.53908062
64.6 6188.81447142
64.7 6250.70261614
64.8 6313.2096423
64.9 6376.34173872
65.0 6440.10515611
65.1 6504.50620767
65.2 6569.55126975
65.3 6635.24678244
65.4 6701.59925027
65.5 6768.61524277
65.6 6836.3013952
65.7 6904.66440915
65.8 6973.71105324
65.9 7043.44816377
66.0 7113.88264541
66.1 7185.02147187
66.2 7256.87168658
66.3 7329.44040345
66.4 7402.73480748
66.5 7476.76215556
66.6 7551.52977712
66.7 7627.04507489
66.8 7703.31552564
66.9 7780.34868089
67.0 7858.1521677
67.1 7936.73368938
67.2 8016.10102627
67.3 8096.26203653
67.4 8177.2246569
67.5 8258.99690347
67.6 8341.5868725
67.7 8425.00274123
67.8 8509.25276864
67.9 8594.34529633
68.0 8680.28874929
68.1 8767.09163678
68.2 8854.76255315
68.3 8943.31017868
68.4 9032.74328047
68.5 9123.07071327
68.6 9214.30142041
68.7 9306.44443461
68.8 9399.50887896
68.9 9493.50396775
69.0 9588.43900742
69.1 9684.3233975
69.2 9781.16663147
69.3 9878.97829779
69.4 9977.76808077
69.5 10077.5457616
69.6 10178.3212192
69.7 10280.1044314
69.8 10382.9054757
69.9 10486.7345305
70.0 10591.6018758
70.1 10697.5178945
70.2 10804.4930735
70.3 10912.5380042
70.4 11021.6633842
70.5 11131.8800181
70.6 11243.1988183
70.7 11355.6308064
70.8 11469.1871145
70.9 11583.8789857
71.0 11699.7177755
71.1 11816.7149533
71.2 11934.8821028
71.3 12054.2309238
71.4 12174.7732331
71.5 12296.5209654
71.6 12419.486175
71.7 12543.6810368
71.8 12669.1178472
71.9 12795.8090256
72.0 12923.7671159
72.1 13053.0047871
72.2 13183.5348349
72.3 13315.3701833
72.4 13448.5238851
72.5 13583.009124
72.6 13718.8392152
72.7 13856.0276073
72.8 13994.5878834
72.9 14134.5337623
73.0 14275.8790999
73.1 14418.6378909
73.2 14562.8242698
73.3 14708.4525125
73.4 14855.5370376
73.5 15004.092408
73.6 15154.1333321
73.7 15305.6746654
73.8 15458.731412
73.9 15613.3187262
74.0 15769.4519134
74.1 15927.1464326
74.2 16086.4178969
74.3 16247.2820758
74.4 16409.7548966
74.5 16573.8524456
74.6 16739.59097
74.7 16906.9868797
74.8 17076.0567485
74.9 17246.817316
75.0 17419.2854892
75.1 17593.4783441
75.2 17769.4131275
75.3 17947.1072588
75.4 18126.5783314
75.5 18307.8441147
75.6 18490.9225558
75.7 18675.8317814
75.8 18862.5900992
75.9 19051.2160002
76.0 19241.7281602
76.1 19434.1454418
76.2 19628.4868962
76.3 19824.7717652
76.4 20023.0194828
76.5 20223.2496777
76.6 20425.4821744
76.7 20629.7369962
76.8 20836.0343661
76.9 21044.3947098
77.0 21254.8386569
77.1 21467.3870435
77.2 21682.0609139
77.3 21898.881523
77.4 22117.8703383
77.5 22339.0490417
77.6 22562.4395321
77.7 22788.0639274
77.8 23015.9445667
77.9 23246.1040123
78.0 23478.5650525
78.1 23713.350703
78.2 23950.48421
78.3 24189.9890521
78.4 24431.8889426
78.5 24676.2078321
78.6 24922.9699104
78.7 25172.1996095
78.8 25423.9216056
78.9 25678.1608216
79.0 25934.9424298
79.1 26194.2918541
79.2 26456.2347727
79.3 26720.7971204
79.4 26988.0050916
79.5 27257.8851425
79.6 27530.463994
79.7 27805.7686339
79.8 28083.8263202
79.9 28364.6645834
80.0 28648.3112293
80.1 28934.7943416
80.2 29224.142285
80.3 29516.3837078
80.4 29811.5475449
80.5 30109.6630204
80.6 30410.7596506
80.7 30714.8672471
80.8 31022.0159195
80.9 31332.2360787
81.0 31645.5584395
81.1 31962.0140239
81.2 32281.6341642
81.3 32604.4505058
81.4 32930.4950109
81.5 33259.799961
81.6 33592.3979606
81.7 33928.3219402
81.8 34267.6051596
81.9 34610.2812112
82.0 34956.3840233
82.1 35305.9478635
82.2 35659.0073422
82.3 36015.5974156
82.4 36375.7533897
82.5 36739.5109236
82.6 37106.9060329
82.7 37477.9750932
82.8 37852.7548441
82.9 38231.2823926
83.0 38613.5952165
83.1 38999.7311687
83.2 39389.7284803
83.3 39783.6257651
83.4 40181.4620228
83.5 40583.276643
83.6 40989.1094095
83.7 41399.0005036
83.8 41812.9905086
83.9 42231.1204137
84.0 42653.4316178
84.1 43079.965934
84.2 43510.7655933
84.3 43945.8732493
84.4 44385.3319818
84.5 44829.1853016
84.6 45277.4771546
84.7 45730.2519261
84.8 46187.5544454
84.9 46649.4299899
85.0 47115.9242897
85.1 47587.0835326
85.2 48062.954368
85.3 48543.5839117
85.4 49029.0197508
85.5 49519.3099483
85.6 50014.5030478
85.7 50514.6480782
85.8 51019.794559
85.9 51529.9925046
86.0 52045.2924297
86.1 52565.745354
86.2 53091.4028075
86.3 53622.3168356
86.4 54158.5400039
86.5 54700.125404
86.6 55247.126658
86.7 55799.5979246
86.8 56357.5939038
86.9 56921.1698429
87.0 57490.3815413
87.1 58065.2853567
87.2 58645.9382103
87.3 59232.3975924
87.4 59824.7215683
87.5 60422.968784
87.6 61027.1984718
87.7 61637.4704565
87.8 62253.8451611
87.9 62876.3836127
88.0 63505.1474488
88.1 64140.1989233
88.2 64781.6009126
88.3 65429.4169217
88.4 66083.7110909
88.5 66744.5482018
88.6 67411.9936838
88.7 68086.1136207
88.8 68766.9747569
88.9 69454.6445045
89.0 70149.1909495
89.1 70850.682859
89.2 71559.1896876
89.3 72274.7815845
89.4 72997.5294003
89.5 73727.5046943
89.6 74464.7797412
89.7 75209.4275387
89.8 75961.521814
89.9 76721.1370322
90.0 77488.3484025
90.1 78263.2318865
90.2 79045.8642054
90.3 79836.3228475
90.4 80634.6860759
90.5 81441.0329367
90.6 82255.4432661
90.7 83077.9976987
90.8 83908.7776757
90.9 84747.8654525
91.0 85595.344107
91.1 86451.2975481
91.2 87315.8105235
91.3 88188.9686288
91.4 89070.8583151
91.5 89961.5668982
91.6 90861.1825672
91.7 91769.7943929
91.8 92687.4923368
91.9 93614.3672602
92.0 94550.5109328
92.1 95496.0160421
92.2 96450.9762025
92.3 97415.4859645
92.4 98389.6408242
92.5 99373.5372324
92.6 100367.272605
92.7 101370.945331
92.8 102384.654784
92.9 103408.501332
93.0 104442.586345
93.1 105487.012209
93.2 106541.882331
93.3 107607.301154
93.4 108683.374166
93.5 109770.207907
93.6 110867.909986
93.7 111976.589086
93.8 113096.354977
93.9 114227.318527
94.0 115369.591712
94.1 116523.287629
94.2 117688.520506
94.3 118865.405711
94.4 120054.059768
94.5 121254.600365
94.6 122467.146369
94.7 123691.817833
94.8 124928.736011
94.9 126178.023371
95.0 127439.803605
95.1 128714.201641
95.2 130001.343657
95.3 131301.357094
95.4 132614.370665
95.5 133940.514372
95.6 135279.919515
95.7 136632.71871
95.8 137999.045897
95.9 139379.036356
96.0 140772.82672
96.1 142180.554987
96.2 143602.360537
96.3 145038.384142
96.4 146488.767984
96.5 147953.655664
96.6 149433.19222
96.7 150927.524143
96.8 152436.799384
96.9 153961.167378
97.0 155500.779052
97.1 157055.786842
97.2 158626.344711
97.3 160212.608158
97.4 161814.734239
97.5 163432.881582
97.6 165067.210397
97.7 166717.882501
97.8 168385.061326
97.9 170068.91194
98.0 171769.601059
98.1 173487.29707
98.2 175222.17004
98.3 176974.391741
98.4 178744.135658
98.5 180531.577015
98.6 182336.892785
98.7 184160.261713
98.8 186001.86433
98.9 187861.882973
99.0 189740.501803
99.1 191637.906821
99.2 193554.285889
99.3 195489.828748
99.4 197444.727036
99.5 199419.174306
99.6 201413.366049
99.7 203427.499709
99.8 205461.774707
99.9 207516.392454
100.0 209591.556378
