0.01 3.13984561392 3.13677027396
0.02 3.1398421914 3.13061918871
0.03 3.13983705342 3.12140009666
0.04 3.13983019497 3.10912203252
0.05 3.1398216093 3.09379702878
0.06 3.13981128801 3.07544010395
0.07 3.13979922098 3.05406924782
0.08 3.13978539639 3.02970540383
0.09 3.13976980069 3.00237244855
0.1 3.13975241859 2.97209716826
0.11 3.13973323307 2.93890923275
0.12 3.13971222531 2.90284116619
0.13 3.13968937473 2.86392831529
0.14 3.13966465895 2.82220881464
0.15 3.13963805372 2.77772354935
0.16 3.139609533 2.73051611498
0.17 3.13957906881 2.68063277482
0.18 3.13954663131 2.62812241454
0.19 3.13951218872 2.57303649429
0.2 3.13947570727 2.51542899828
0.21 3.13943715121 2.45535638186
0.22 3.13939648276 2.39287751617
0.23 3.13935366207 2.32805363052
0.24 3.13930864717 2.26094825232
0.25 3.13926139394 2.19162714482
0.26 3.13921185608 2.12015824273
0.27 3.13915998504 2.04661158555
0.28 3.13910572999 1.97105924903
0.29 3.13904903775 1.89357527443
0.3 3.13898985278 1.81423559607
0.31 3.13892811706 1.73311796683
0.32 3.1388637701 1.65030188198
0.33 3.13879674884 1.56586850128
0.34 3.13872698759 1.47990056945
0.35 3.138654418 1.39248233507
0.36 3.13857896893 1.30369946799
0.37 3.13850056647 1.21363897544
0.38 3.13841913376 1.12238911669
0.39 3.13833459101 1.03003931661
0.4 3.13824685536 0.936680077995
0.41 3.13815584083 0.842402892905
0.42 3.13806145824 0.74730015298
0.43 3.13796361508 0.651465058905
0.44 3.13786221547 0.554991529072
0.45 3.13775716004 0.457974107541
0.46 3.13764834584 0.360507871385
0.47 3.13753566622 0.262688337515
0.48 3.13741901077 0.164611369073
0.49 3.13729826516 0.0663730814906
0.5 3.13717331106 -0.0319302517121
0.51 3.13704402602 -0.130202293268
0.52 3.13691028334 -0.228346736577
0.53 3.13677195196 -0.326267400084
0.54 3.1366288963 -0.423868321538
0.55 3.13648097619 -0.521053852038
0.56 3.13632804665 -0.617728749762
0.57 3.13616995782 -0.713798273312
0.58 3.13600655477 -0.809168274554
0.59 3.13583767738 -0.903745290887
0.6 3.13566316014 -0.997436636835
0.61 3.13548283203 -1.09015049488
0.62 3.13529651633 -1.18179600544
0.63 3.13510403046 -1.27228335591
0.64 3.13490518579 -1.3615238687
0.65 3.13469978744 -1.44943008809
0.66 3.13448763414 -1.535915866
0.67 3.13426851798 -1.62089644635
0.68 3.13404222423 -1.7042885482
0.69 3.13380853113 -1.78601044726
0.7 3.13356720966 -1.86598205608
0.71 3.13331802335 -1.94412500249
0.72 3.13306072799 -2.0203627064
0.73 3.13279507144 -2.09462045486
0.74 3.13252079338 -2.16682547527
0.75 3.13223762501 -2.23690700671
0.76 3.13194528885 -2.30479636929
0.77 3.13164349842 -2.37042703143
0.78 3.13133195798 -2.43373467507
0.79 3.13101036223 -2.49465725873
0.8 3.13067839603 -2.55313507828
0.81 3.13033573407 -2.60911082546
0.82 3.12998204056 -2.66252964402
0.83 3.12961696891 -2.71333918353
0.84 3.12924016137 -2.76148965065
0.85 3.12885124869 -2.8069338579
0.86 3.12844984977 -2.84962726998
0.87 3.12803557128 -2.88952804733
0.88 3.12760800725 -2.92659708719
0.89 3.12716673872 -2.96079806191
0.9 3.12671133328 -2.99209745453
0.91 3.12624134468 -3.02046459164
0.92 3.12575631239 -3.04587167345
0.93 3.12525576114 -3.06829380102
0.94 3.12473920044 -3.08770900067
0.95 3.12420612415 -3.1040982455
0.96 3.12365600991 -3.11744547404
0.97 3.1230883187 -3.12773760603
0.98 3.12250249428 -3.13496455515
0.99 3.12189796264 -3.13911923902
1.0 3.12127413145 -3.14019758603
1.01 3.12063038948 -3.1381985394
1.02 3.119966106 -3.13312405821
1.03 3.11928063015 -3.12497911544
1.04 3.11857329033 -3.11377169313
1.05 3.11784339352 -3.09951277457
1.06 3.11709022464 -3.08221633349
1.07 3.11631304577 -3.0618993204
1.08 3.11551109552 -3.03858164598
1.09 3.11468358825 -3.01228616154
1.1 3.11382971328 -2.98303863667
1.11 3.11294863411 -2.95086773393
1.12 3.11203948765 -2.91580498081
1.13 3.1111013833 -2.87788473881
1.14 3.11013340214 -2.83714416977
1.15 3.10913459599 -2.79362319944
1.16 3.10810398654 -2.74736447838
1.17 3.10704056432 -2.69841334012
1.18 3.10594328779 -2.6468177568
1.19 3.10481108229 -2.59262829207
1.2 3.10364283897 -2.53589805161
1.21 3.10243741376 -2.47668263107
1.22 3.10119362622 -2.41504006154
1.23 3.0999102584 -2.35103075276
1.24 3.09858605366 -2.28471743384
1.25 3.09721971544 -2.21616509183
1.26 3.09580990601 -2.14544090804
1.27 3.09435524517 -2.07261419215
1.28 3.09285430887 -1.99775631435
1.29 3.09130562791 -1.92094063537
1.3 3.08970768643 -1.84224243457
1.31 3.08805892049 -1.76173883617
1.32 3.08635771655 -1.67950873372
1.33 3.08460240989 -1.59563271271
1.34 3.08279128301 -1.51019297165
1.35 3.080922564 -1.42327324146
1.36 3.07899442477 -1.33495870351
1.37 3.07700497933 -1.24533590602
1.38 3.07495228197 -1.15449267935
1.39 3.07283432537 -1.06251804985
1.4 3.07064903869 -0.969502152657
1.41 3.06839428558 -0.875536143358
1.42 3.0660678621 -0.780712108638
1.43 3.06366749467 -0.685122976053
1.44 3.06119083785 -0.58886242295
1.45 3.05863547212 -0.492024784674
1.46 3.05599890156 -0.394704962108
1.47 3.05327855152 -0.296998328679
1.48 3.05047176611 -0.199000636888
1.49 3.04757580575 -0.100807924473
1.5 3.04458784456 -0.00251642029249
1.51 3.04150496768 0.0957775499803
1.52 3.03832416855 0.193977658254
1.53 3.03504234609 0.291987668423
1.54 3.03165630179 0.389711530676
1.55 3.02816273675 0.48705347563
1.56 3.02455824862 0.583918108178
1.57 3.02083932841 0.680210500979
1.58 3.01700235733 0.77583628749
1.59 3.01304360339 0.870701754438
1.6 3.00895921807 0.964713933668
1.61 3.00474523273 1.05778069324
1.62 3.00039755512 1.14981082774
1.63 2.99591196561 1.24071414762
1.64 2.99128411349 1.33040156764
1.65 2.98650951302 1.41878519412
1.66 2.98158353956 1.50577841112
1.67 2.97650142544 1.59129596527
1.68 2.97125825584 1.67525404937
1.69 2.96584896457 1.7575703845
1.7 2.96026832969 1.83816430066
1.71 2.9545109691 1.91695681581
1.72 2.94857133607 1.99387071327
1.73 2.94244371456 2.06883061744
1.74 2.9361222146 2.1417630676
1.75 2.92960076746 2.21259658995
1.76 2.92287312086 2.28126176765
1.77 2.91593283402 2.34769130881
1.78 2.90877327267 2.41182011249
1.79 2.901387604 2.47358533246
1.8 2.89376879157 2.53292643881
1.81 2.88590959016 2.58978527724
1.82 2.87780254054 2.64410612611
1.83 2.86943996433 2.69583575097
1.84 2.86081395872 2.74492345679
1.85 2.85191639125 2.79132113763
1.86 2.84273889463 2.83498332375
1.87 2.83327286154 2.87586722621
1.88 2.82350943952 2.91393277879
1.89 2.81343952593 2.94914267725
1.9 2.80305376299 2.98146241589
1.91 2.79234253297 3.01086032136
1.92 2.78129595352 3.03730758371
1.93 2.7699038732 3.06077828463
1.94 2.75815586727 3.08124942283
1.95 2.74604123363 3.0987009366
1.96 2.73354898925 3.11311572345
1.97 2.72066786679 3.12447965689
1.98 2.70738631173 3.13278160027
1.99 2.69369247995 3.13801341767
2.0 2.67957423586 3.14016998193
2.01 2.66501915107 3.13924917961
2.02 2.65001450385 3.13525191309
2.03 2.63454727922 3.1281820997
2.04 2.61860417004 3.11804666785
2.05 2.6021715789 3.10485555026
2.06 2.5852356212 3.08862167423
2.07 2.56778212926 3.06936094897
2.08 2.54979665784 3.04709224997
2.09 2.53126449098 3.02183740057
2.1 2.51217065044 2.99362115052
2.11 2.49249990583 2.96247115174
2.12 2.47223678659 2.92841793123
2.13 2.451365596 2.89149486114
2.14 2.42987042737 2.8517381261
2.15 2.40773518264 2.80918668769
2.16 2.38494359354 2.76388224632
2.17 2.36147924551 2.71586920036
2.18 2.33732560465 2.66519460258
2.19 2.3124660478 2.61190811409
2.2 2.28688389613 2.55606195564
2.21 2.26056245229 2.49771085648
2.22 2.23348504148 2.43691200068
2.23 2.20563505661 2.37372497112
2.24 2.17699600774 2.30821169109
2.25 2.14755157608 2.2404363636
2.26 2.1172856727 2.17046540847
2.27 2.08618250217 2.09836739725
2.28 2.05422663123 2.02421298597
2.29 2.02140306275 1.94807484597
2.3 1.9876973149 1.87002759262
2.31 1.9530955058 1.79014771223
2.32 1.91758444352 1.70851348708
2.33 1.88115172141 1.62520491871
2.34 1.84378581871 1.54030364953
2.35 1.8054762062 1.45389288276
2.36 1.76621345663 1.36605730097
2.37 1.72598935964 1.27688298303
2.38 1.68479704057 1.18645731976
2.39 1.64263108273 1.09486892832
2.4 1.59948765231 1.00220756533
2.41 1.55536462523 0.908564038928
2.42 1.51026171484 0.814030119766
2.43 1.46418059947 0.718698451086
2.44 1.41712504862 0.622662457924
2.45 1.36910104629 0.526016255554
2.46 1.32011691017 0.428854557253
2.47 1.27018340482 0.331272581486
2.48 1.21931384739 0.233365958589
2.49 1.16752420388 0.135230637052
2.5 1.11483317418 0.0369627894916
2.51 1.06126226388 -0.0613412816028
2.52 1.00683584114 -0.159585238241
2.53 0.951581176579 -0.257672801346
2.54 0.895528464473 -0.355507845106
2.55 0.838710823621 -0.452994491177
2.56 0.781164276385 -0.550037202647
2.57 0.72292770464 -0.646540877659
2.58 0.664042781645 -0.74241094261
2.59 0.604553879163 -0.837553444838
2.6 0.544507949499 -0.931875144689
2.61 0.483954382517 -1.0252836069
2.62 0.422944838124 -1.11768729117
2.63 0.361533055103 -1.2089956419
2.64 0.299774637653 -1.2991191769
2.65 0.237726821399 -1.38796957511
2.66 0.175448221035 -1.47545976314
2.67 0.112998562166 -1.56150400059
2.68 0.0504384002201 -1.64601796413
2.69 -0.0121711704025 -1.72891883006
2.7 -0.0747688135727 -1.81012535553
2.71 -0.137293251557 -1.88955795816
2.72 -0.199683564448 -1.96713879399
2.73 -0.261879485329 -2.0427918338
2.74 -0.323821687726 -2.11644293762
2.75 -0.385452062026 -2.18801992735
2.76 -0.446713977819 -2.25745265756
2.77 -0.507552529395 -2.32467308416
2.78 -0.567914761997 -2.38961533114
2.79 -0.627749876792 -2.4522157551
2.8 -0.687009412982 -2.51241300761
2.81 -0.745647405869 -2.57014809538
2.82 -0.803620520139 -2.62536443801
2.83 -0.860888158061 -2.6780079235
2.84 -0.917412542685 -2.72802696122
2.85 -0.973158776514 -2.77537253252
2.86 -1.02809487644 -2.81999823873
2.87 -1.08219178605 -2.86186034668
2.88 -1.13542336671 -2.90091783148
2.89 -1.1877663688 -2.93713241681
2.9 -1.23920038513 -2.97046861237
2.91 -1.28970778795 -3.00089374868
2.92 -1.33927365181 -3.02837800913
2.93 -1.3878856639 -3.05289445913
2.94 -1.43553402393 -3.07441907255
2.95 -1.48221133528 -3.09293075529
2.96 -1.5279124893 -3.10841136588
2.97 -1.5726345443 -3.12084573334
2.98 -1.61637660095 -3.13022167198
2.99 -1.65913967544 -3.13652999338
3.0 -1.70092657166 -3.13976451538
3.01 -1.74174175379 -3.13992206816
3.02 -1.78159122003 -3.13700249732
3.03 -1.82048237866 -3.13100866402
3.04 -1.85842392704 -3.12194644224
3.05 -1.89542573425 -3.10982471294
3.06 -1.93149872784 -3.09465535543
3.07 -1.96665478526 -3.07645323566
3.08 -2.00090663012 -3.05523619173
3.09 -2.0342677336 -3.03102501632
3.1 -2.06675222124 -3.0038434364
3.11 -2.09837478492 -2.97371808992
3.12 -2.12915060047 -2.9406784997
3.13 -2.15909525044 -2.90475704456
3.14 -2.18822465223 -2.86598892751
3.15 -2.21655499143 -2.82441214131
3.16 -2.24410266006 -2.78006743121
3.17 -2.27088419979 -2.73299825504
3.18 -2.29691624964 -2.68325074057
3.19 -2.32221549833 -2.63087364037
3.2 -2.34679864067 -2.57591828401
3.21 -2.37068233805 -2.51843852773
3.22 -2.39388318273 -2.45849070169
3.23 -2.41641766561 -2.39613355477
3.24 -2.43830214741 -2.33142819696
3.25 -2.45955283291 -2.26443803952
3.26 -2.48018574814 -2.1952287328
3.27 -2.50021672024 -2.12386810192
3.28 -2.51966135981 -2.0504260803
3.29 -2.53853504557 -1.97497464112
3.3 -2.55685291122 -1.8975877268
3.31 -2.57462983414 -1.8183411765
3.32 -2.59188042595 -1.73731265185
3.33 -2.60861902472 -1.6545815608
3.34 -2.62485968866 -1.57022897982
3.35 -2.64061619114 -1.48433757444
3.36 -2.65590201704 -1.39699151824
3.37 -2.67073036008 -1.30827641035
3.38 -2.68511412131 -1.21827919158
3.39 -2.6990659084 -1.1270880592
3.4 -2.7125980358 -1.03479238052
3.41 -2.72572252559 -0.941482605308
3.42 -2.73845110906 -0.847250177144
3.43 -2.75079522875 -0.752187443806
3.44 -2.76276604113 -0.656387566774
3.45 -2.77437441958 -0.559944429925
3.46 -2.78563095793 -0.462952547536
3.47 -2.79654597418 -0.36550697165
3.48 -2.80712951463 -0.267703198932
3.49 -2.81739135823 -0.169637077079
3.5 -2.82734102106 -0.07140471089
3.51 -2.83698776116 0.0268976319154
3.52 -2.8463405833 0.125173615042
3.53 -2.85540824404 0.223326928025
3.54 -2.86419925677 0.321261380619
3.55 -2.87272189687 0.41888099706
3.56 -2.88098420689 0.516090110123
3.57 -2.88899400178 0.612793454879
3.58 -2.89675887411 0.708896262049
3.59 -2.90428619927 0.804304350883
3.6 -2.91158314072 0.898924221452
3.61 -2.91865665511 0.992663146284
3.62 -2.92551349748 1.08542926123
3.63 -2.93216022626 1.17713165551
3.64 -2.93860320837 1.26768046076
3.65 -2.94484862416 1.35698693916
3.66 -2.95090247227 1.44496357035
3.67 -2.95677057451 1.53152413725
3.68 -2.96245858053 1.6165838105
3.69 -2.96797197253 1.70005923161
3.7 -2.97331606981 1.78186859467
3.71 -2.97849603323 1.86193172652
3.72 -2.98351686964 1.94017016527
3.73 -2.98838343614 2.01650723725
3.74 -2.99310044431 2.09086813215
3.75 -2.99767246432 2.16317997627
3.76 -3.00210392894 2.23337190402
3.77 -3.00639913747 2.3013751273
3.78 -3.01056225958 2.36712300296
3.79 -3.01459733903 2.43055109808
3.8 -3.01850829734 2.49159725311
3.81 -3.02229893732 2.55020164285
3.82 -3.02597294654 2.60630683497
3.83 -3.02953390072 2.65985784639
3.84 -3.03298526702 2.71080219712
3.85 -3.0363304072 2.7590899617
3.86 -3.03957258077 2.80467381812
3.87 -3.04271494801 2.84750909419
3.88 -3.04576057292 2.88755381136
3.89 -3.04871242608 2.92476872579
3.9 -3.05157338742 2.95911736686
3.91 -3.05434624899 2.99056607292
3.92 -3.05703371751 3.01908402423
3.93 -3.05963841699 3.04464327319
3.94 -3.06216289119 3.06721877174
3.95 -3.06460960605 3.0867883959
3.96 -3.06698095202 3.10333296743
3.97 -3.06927924635 3.11683627265
3.98 -3.07150673528 3.12728507833
3.99 -3.07366559623 3.13466914463
4.0 -3.07575793984 3.13898123516
4.01 -3.07778581203 3.14021712409
4.02 -3.07975119594 3.13837560023
4.03 -3.08165601384 3.13345846829
4.04 -3.083502129 3.12547054705
4.05 -3.08529134745 3.11441966467
4.06 -3.08702541977 3.10031665102
4.07 -3.08870604273 3.08317532705
4.08 -3.09033486097 3.06301249126
4.09 -3.09191346857 3.03984790323
4.1 -3.09344341059 3.01370426425
4.11 -3.09492618459 2.9846071951
4.12 -3.09636324204 2.95258521089
4.13 -3.09775598978 2.91766969318
4.14 -3.09910579134 2.87989485917
4.15 -3.10041396831 2.8392977282
4.16 -3.10168180157 2.79591808545
4.17 -3.10291053258 2.74979844298
4.18 -3.10410136456 2.70098399803
4.19 -3.10525546368 2.64952258877
4.2 -3.1063739602 2.59546464737
4.21 -3.10745794953 2.53886315062
4.22 -3.10850849335 2.47977356797
4.23 -3.1095266206 2.41825380723
4.24 -3.11051332852 2.35436415776
4.25 -3.11146958362 2.28816723142
4.26 -3.11239632256 2.21972790119
4.27 -3.11329445317 2.14911323761
4.28 -3.11416485524 2.07639244307
4.29 -3.11500838144 2.00163678393
4.3 -3.11582585812 1.92491952074
4.31 -3.11661808613 1.84631583642
4.32 -3.11738584162 1.76590276258
4.33 -3.11812987674 1.68375910403
4.34 -3.11885092046 1.59996536156
4.35 -3.11954967919 1.51460365304
4.36 -3.12022683756 1.42775763293
4.37 -3.12088305902 1.33951241035
4.38 -3.12151898654 1.2499544656
4.39 -3.12213524317 1.15917156548
4.4 -3.12273243275 1.06725267723
4.41 -3.12331114041 0.974287881346
4.42 -3.12387193319 0.880368283342
4.43 -3.12441536056 0.785585924421
4.44 -3.12494195502 0.690033691294
4.45 -3.12545223255 0.593805225149
4.46 -3.12594669315 0.496994829883
4.47 -3.12642582133 0.399697379685
4.48 -3.12689008659 0.302008226054
4.49 -3.12733994386 0.204023104362
4.5 -3.12777583394 0.105838040027
4.51 -3.12819818396 0.0075492544137
4.52 -3.1286074078 -0.0907469294694
4.53 -3.12900390646 -0.188954181362
4.54 -3.12938806847 -0.286976258156
4.55 -3.12976027029 -0.384717098217
4.56 -3.13012087663 -0.482080915523
4.57 -3.13047024089 -0.578972293531
4.58 -3.1308087054 -0.675296278691
4.59 -3.13113660185 -0.770958473498
4.6 -3.13145425156 -0.865865129001
4.61 -3.1317619658 -0.959923236678
4.62 -3.13206004613 -1.05304061958
4.63 -3.13234878463 -1.14512602268
4.64 -3.13262846428 -1.23608920228
4.65 -3.13289935914 -1.32584101445
4.66 -3.13316173468 -1.41429350244
4.67 -3.13341584801 -1.50135998279
4.68 -3.13366194817 -1.58695513035
4.69 -3.13390027631 -1.67099506189
4.7 -3.134131066 -1.75339741827
4.71 -3.13435454341 -1.83408144518
4.72 -3.13457092752 -1.91296807228
4.73 -3.1347804304 -1.98997999066
4.74 -3.13498325736 -2.06504172865
4.75 -3.13517960715 -2.13807972575
4.76 -3.1353696722 -2.20902240471
4.77 -3.13555363877 -2.27780024172
4.78 -3.13573168714 -2.34434583449
4.79 -3.13590399179 -2.40859396835
4.8 -3.13607072159 -2.47048168011
4.81 -3.13623203992 -2.52994831983
4.82 -3.13638810487 -2.5869356102
4.83 -3.13653906939 -2.64138770367
4.84 -3.13668508142 -2.69325123718
4.85 -3.13682628405 -2.74247538449
4.86 -3.13696281565 -2.78901190592
4.87 -3.13709481003 -2.83281519568
4.88 -3.13722239653 -2.87384232655
4.89 -3.1373457002 -2.91205309194
4.9 -3.13746484187 -2.9474100453
4.91 -3.13757993829 -2.97987853681
4.92 -3.13769110226 -3.00942674736
4.93 -3.13779844272 -3.0360257197
4.94 -3.13790206486 -3.05964938683
4.95 -3.13800207024 -3.08027459756
4.96 -3.13809855685 -3.09788113919
4.97 -3.13819161925 -3.1124517573
4.98 -3.13828134864 -3.12397217268
4.99 -3.13836783296 -3.13243109534
5.0 -3.13845115697 -3.13782023553
5.01 -3.13853140231 -3.14013431188
5.02 -3.13860864763 -3.13937105661
5.03 -3.13868296863 -3.1355312177
5.04 -3.13875443814 -3.1286185582
5.05 -3.1388231262 -3.11863985252
5.06 -3.13888910013 -3.10560487977
5.07 -3.13895242458 -3.08952641425
5.08 -3.13901316161 -3.07042021284
5.09 -3.13907137075 -3.04830499962
5.1 -3.13912710902 -3.0232024475
5.11 -3.13918043107 -2.99513715698
5.12 -3.13923138913 -2.96413663205
5.13 -3.13928003317 -2.93023125322
5.14 -3.13932641083 -2.89345424776
5.15 -3.13937056758 -2.85384165714
5.16 -3.13941254669 -2.81143230169
5.17 -3.13945238929 -2.76626774259
5.18 -3.13949013444 -2.7183922411
5.19 -3.13952581912 -2.66785271522
5.2 -3.1395594783 -2.61469869367
5.21 -3.13959114498 -2.5589822674
5.22 -3.13962085017 -2.50075803852
5.23 -3.139648623 -2.44008306675
5.24 -3.13967449068 -2.37701681358
5.25 -3.13969847857 -2.31162108393
5.26 -3.13972061016 -2.24395996562
5.27 -3.13974090715 -2.17409976654
5.28 -3.13975938943 -2.10210894969
5.29 -3.13977607511 -2.02805806607
5.3 -3.13979098055 -1.95201968555
5.31 -3.13980412034 -1.87406832573
5.32 -3.13981550738 -1.79428037896
5.33 -3.13982515281 -1.71273403741
5.34 -3.1398330661 -1.62950921651
5.35 -3.13983925499 -1.54468747657
5.36 -3.13984372555 -1.45835194291
5.37 -3.13984648216 -1.37058722435
5.38 -3.13984752752 -1.2814793303
5.39 -3.13984686266 -1.19111558651
5.4 -3.13984448693 -1.09958454944
5.41 -3.13984039799 -1.00697591952
5.42 -3.13983459185 -0.913380453197
5.43 -3.1398270628 -0.818889874029
5.44 -3.13981780348 -0.723596782784
5.45 -3.1398068048 -0.627594566692
5.46 -3.139794056 -0.530977307924
5.47 -3.13977954456 -0.433839691395
5.48 -3.13976325629 -0.336276911968
5.49 -3.1397451752 -0.238384581168
5.5 -3.13972528359 -0.140258633478
5.51 -3.13970356196 -0.0419952323271
5.52 -3.13967998901 0.0563093241514
5.53 -3.13965454166 0.154558697492
5.54 -3.13962719496 0.25265660331
5.55 -3.13959792211 0.350506905656
5.56 -3.13956669442 0.448013711234
5.57 -3.1395334813 0.545081463376
5.58 -3.13949825018 0.641615035683
5.59 -3.13946096656 0.737519825255
5.6 -3.13942159388 0.832701845399
5.61 -3.13938009357 0.927067817734
5.62 -3.13933642495 1.02052526361
5.63 -3.13929054522 1.11298259472
5.64 -3.13924240944 1.2043492029
5.65 -3.13919197041 1.29453554885
5.66 -3.13913917872 1.38345324997
5.67 -3.13908398262 1.4710151669
5.68 -3.13902632803 1.55713548896
5.69 -3.13896615845 1.64172981825
5.7 -3.1389034149 1.72471525232
5.71 -3.1388380359 1.80601046544
5.72 -3.13876995738 1.8855357883
5.73 -3.13869911262 1.96321328609
5.74 -3.13862543219 2.03896683486
5.75 -3.13854884389 2.11272219613
5.76 -3.13846927267 2.18440708965
5.77 -3.13838664053 2.25395126422
5.78 -3.13830086651 2.32128656656
5.79 -3.13821186654 2.38634700805
5.8 -3.1381195534 2.44906882948
5.81 -3.13802383664 2.50939056346
5.82 -3.13792462244 2.56725309469
5.83 -3.13782181358 2.62259971788
5.84 -3.13771530931 2.67537619335
5.85 -3.13760500524 2.72553080015
5.86 -3.13749079329 2.77301438676
5.87 -3.13737256153 2.81778041928
5.88 -3.1372501941 2.85978502698
5.89 -3.13712357106 2.89898704536
5.9 -3.13699256834 2.93534805643
5.91 -3.13685705755 2.96883242641
5.92 -3.1367169059 2.99940734061
5.93 -3.13657197603 3.02704283562
5.94 -3.13642212591 3.05171182865
5.95 -3.13626720871 3.07339014408
5.96 -3.13610707259 3.09205653718
5.97 -3.13594156063 3.10769271487
5.98 -3.13577051062 3.12028335369
5.99 -3.13559375495 3.12981611483
6.0 -3.1354111204 3.13628165618
6.01 -3.13522242798 3.13967364151
6.02 -3.13502749278 3.13998874667
6.03 -3.13482612377 3.13722666285
6.04 -3.13461812361 3.13139009691
6.05 -3.13440328847 3.12248476867
6.06 -3.13418140781 3.11051940535
6.07 -3.13395226419 3.09550573302
6.08 -3.13371563307 3.07745846508
6.09 -3.13347128255 3.05639528783
6.1 -3.13321897317 3.03233684321
6.11 -3.13295845768 3.00530670847
6.12 -3.13268948078 2.97533137317
6.13 -3.13241177889 2.94244021311
6.14 -3.13212507987 2.90666546165
6.15 -3.13182910276 2.86804217804
6.16 -3.13152355753 2.82660821309
6.17 -3.13120814475 2.78240417209
6.18 -3.13088255533 2.73547337501
6.19 -3.13054647022 2.68586181401
6.2 -3.13019956007 2.63361810844
6.21 -3.12984148493 2.57879345713
6.22 -3.1294718939 2.52144158822
6.23 -3.12909042483 2.46161870656
6.24 -3.12869670389 2.39938343856
6.25 -3.12829034527 2.3347967748
6.26 -3.12787095077 2.2679220102
6.27 -3.12743810942 2.19882468202
6.28 -3.12699139708 2.12757250566
6.29 -3.12653037603 2.05423530824
6.3 -3.12605459449 1.97888496023
6.31 -3.12556358628 1.90159530495
6.32 -3.12505687024 1.82244208627
6.33 -3.12453394988 1.74150287434
6.34 -3.1239943128 1.6588569896
6.35 -3.12343743024 1.57458542501
6.36 -3.12286275654 1.4887707667
6.37 -3.12226972861 1.40149711305
6.38 -3.12165776539 1.31284999222
6.39 -3.12102626727 1.2229162784
6.4 -3.12037461552 1.13178410662
6.41 -3.11970217165 1.03954278642
6.42 -3.11900827682 0.946282714294
6.43 -3.11829225119 0.852095285104
6.44 -3.11755339322 0.757072802535
6.45 -3.11679097905 0.66130838862
6.46 -3.11600426173 0.564895892484
6.47 -3.11519247052 0.467929798373
6.48 -3.11435481014 0.37050513306
6.49 -3.11349045997 0.272717372717
6.5 -3.11259857328 0.174662349348
6.51 -3.11167827637 0.0764361568765
6.52 -3.11072866774 -0.0218649430284
6.53 -3.10974881721 -0.120144615289
6.54 -3.10873776499 -0.218306545827
6.55 -3.10769452077 -0.31625453595
6.56 -3.10661806274 -0.413892596627
6.57 -3.10550733661 -0.51112504256
6.58 -3.10436125453 -0.607856585952
6.59 -3.10317869412 -0.703992429889
6.6 -3.10195849728 -0.799438361244
6.61 -3.10069946914 -0.894100843006
6.62 -3.09940037684 -0.987887105942
6.63 -3.09805994838 -1.08070523951
6.64 -3.09667687134 -1.17246428195
6.65 -3.09524979164 -1.26307430939
6.66 -3.09377731218 -1.35244652401
6.67 -3.09225799155 -1.44049334103
6.68 -3.09069034255 -1.52712847458
6.69 -3.08907283083 -1.61226702223
6.7 -3.08740387334 -1.69582554819
6.71 -3.08568183684 -1.77772216512
6.72 -3.08390503627 -1.85787661432
6.73 -3.08207173319 -1.93621034444
6.74 -3.08018013405 -2.01264658843
6.75 -3.07822838846 -2.08711043875
6.76 -3.07621458743 -2.15952892085
6.77 -3.07413676153 -2.22983106461
6.78 -3.07199287898 -2.29794797392
6.79 -3.06978084371 -2.36381289421
6.8 -3.06749849334 -2.42736127788
6.81 -3.0651435971 -2.48853084748
6.82 -3.06271385375 -2.54726165686
6.83 -3.06020688932 -2.60349614982
6.84 -3.05762025485 -2.65717921655
6.85 -3.0549514241 -2.70825824764
6.86 -3.05219779115 -2.75668318565
6.87 -3.04935666787 -2.80240657414
6.88 -3.04642528143 -2.84538360419
6.89 -3.04340077168 -2.88557215831
6.9 -3.04028018845 -2.92293285171
6.91 -3.03706048877 -2.95742907092
6.92 -3.03373853402 -2.98902700963
6.93 -3.03031108704 -3.01769570188
6.94 -3.02677480907 -3.04340705234
6.95 -3.02312625667 -3.06613586389
6.96 -3.01936187858 -3.08585986229
6.97 -3.01547801238 -3.10255971803
6.98 -3.01147088118 -3.11621906524
6.99 -3.0073365902 -3.12682451777
7.0 -3.00307112318 -3.13436568227
7.01 -2.99867033878 -3.1388351684
7.02 -2.99412996686 -3.14022859607
7.03 -2.98944560469 -3.13854459971
7.04 -2.98461271301 -3.13378482965
7.05 -2.97962661205 -3.12595395045
7.06 -2.97448247743 -3.11505963638
7.07 -2.96917533601 -3.10111256387
7.08 -2.96370006155 -3.08412640105
7.09 -2.95805137039 -3.06411779435
7.1 -2.95222381696 -3.04110635221
7.11 -2.94621178927 -3.01511462585
7.12 -2.94000950421 -2.98616808716
7.13 -2.93361100289 -2.95429510374
7.14 -2.92701014581 -2.91952691112
7.15 -2.92020060799 -2.88189758212
7.16 -2.91317587403 -2.8414439935
7.17 -2.90592923307 -2.79820578976
7.18 -2.89845377375 -2.75222534434
7.19 -2.89074237908 -2.70354771809
7.2 -2.88278772124 -2.65222061508
7.21 -2.87458225646 -2.59829433586
7.22 -2.86611821969 -2.5418217282
7.23 -2.85738761948 -2.48285813524
7.24 -2.84838223269 -2.42146134131
7.25 -2.83909359934 -2.35769151526
7.26 -2.8295130174 -2.29161115153
7.27 -2.81963153775 -2.22328500887
7.28 -2.80943995913 -2.1527800469
7.29 -2.79892882327 -2.08016536048
7.3 -2.78808841012 -2.00551211202
7.31 -2.77690873322 -1.92889346168
7.32 -2.76537953539 -1.85038449575
7.33 -2.7534902845 -1.77006215301
7.34 -2.74123016968 -1.68800514937
7.35 -2.7285880977 -1.60429390067
7.36 -2.71555268993 -1.51901044396
7.37 -2.70211227951 -1.43223835701
7.38 -2.68825490919 -1.34406267647
7.39 -2.67396832969 -1.25456981451
7.4 -2.65923999859 -1.16384747413
7.41 -2.64405708009 -1.07198456322
7.42 -2.62840644547 -0.979071107442
7.43 -2.61227467446 -0.885198161979
7.44 -2.59564805757 -0.790457722317
7.45 -2.57851259958 -0.694942634088
7.46 -2.56085402419 -0.598746502077
7.47 -2.54265778001 -0.501963598494
7.48 -2.52390904802 -0.404688770584
7.49 -2.50459275066 -0.30701734768
7.5 -2.48469356264 -0.209045047774
7.51 -2.46419592369 -0.110867883722
7.52 -2.44308405341 -0.0125820691436
7.53 -2.42134196837 0.0857160758624
7.54 -2.39895350167 0.183930219114
7.55 -2.37590232517 0.281964110751
7.56 -2.35217197454 0.37972167756
7.57 -2.32774587742 0.477107117124
7.58 -2.30260738483 0.574024991714
7.59 -2.2767398061 0.670380321811
7.6 -2.25012644756 0.766078679194
7.61 -2.22275065514 0.861026279471
7.62 -2.19459586117 0.955130073993
7.63 -2.16564563557 1.04829784104
7.64 -2.13588374167 1.14043827621
7.65 -2.10529419682 1.23146108187
7.66 -2.07386133793 1.32127705566
7.67 -2.04156989222 1.40979817794
7.68 -2.00840505319 1.49693769801
7.69 -1.97435256189 1.58261021913
7.7 -1.93939879368 1.66673178224
7.71 -1.90353085031 1.7492199482
7.72 -1.86673665729 1.82999387861
7.73 -1.82900506651 1.90897441502
7.74 -1.79032596378 1.9860841565
7.75 -1.75069038106 2.06124753552
7.76 -1.71009061294 2.13439089194
7.77 -1.66852033688 2.20544254529
7.78 -1.62597473659 2.27433286495
7.79 -1.5824506278 2.3409943384
7.8 -1.53794658556 2.4053616374
7.81 -1.49246307204 2.46737168199
7.82 -1.44600256366 2.52696370234
7.83 -1.3985696764 2.58407929825
7.84 -1.35017128763 2.63866249646
7.85 -1.30081665323 2.69065980541
7.86 -1.25051751803 2.74002026776
7.87 -1.19928821811 2.78669551025
7.88 -1.14714577288 2.83063979114
7.89 -1.09410996522 2.87181004503
7.9 -1.04020340776 2.91016592507
7.91 -0.985451593252 2.94566984251
7.92 -0.929882927507 2.97828700351
7.93 -0.873528742815 3.00798544324
7.94 -0.816423290514 3.03473605724
7.95 -0.758603711184 3.0585126299
7.96 -0.700109981334 3.07929186018
7.97 -0.640984835718 3.09705338444
7.98 -0.58127366472 3.11177979638
7.99 -0.521024386634 3.12345666413
8.0 -0.460287295066 3.13207254434
8.01 -0.399114882088 3.13761899346
8.02 -0.337561638227 3.14009057596
8.03 -0.275683830786 3.1394848697
8.04 -0.213539262436 3.13580246827
8.05 -0.151187012392 3.12904698042
8.06 -0.088687162873 3.11922502653
8.07 -0.0261005138242 3.10634623211
8.08 0.0365117108242 3.09042321839
8.09 0.0990881619454 3.07147158991
8.1 0.161567665496 3.04950991927
8.11 0.223889520707 3.02455972891
8.12 0.285993792657 2.99664547002
8.13 0.34782159581 2.96579449857
8.14 0.409315365315 2.93203704851
8.15 0.470419113104 2.89540620214
8.16 0.531078666178 2.85593785769
8.17 0.591241884799 2.81367069414
8.18 0.650858858744 2.76864613332
8.19 0.709882080181 2.72090829928
8.2 0.768266592165 2.67050397511
8.21 0.825970112182 2.61748255704
8.22 0.882953130601 2.56189600607
8.23 0.939178984256 2.50379879701
8.24 0.99461390578 2.44324786513
8.25 1.0492270496 2.38030255034
8.26 1.10299049582 2.31502453905
8.27 1.15587923339 2.24747780372
8.28 1.20787112421 2.17772854013
8.29 1.25894684993 2.10584510258
8.3 1.30908984326 2.03189793683
8.31 1.35828620572 1.9559595111
8.32 1.4065246137 1.87810424504
8.33 1.45379621471 1.79840843683
8.34 1.5000945157 1.71695018835
8.35 1.54541526506 1.63380932869
8.36 1.58975633006 1.54906733588
8.37 1.63311757119 1.46280725708
8.38 1.67550071484 1.37511362717
8.39 1.71690922546 1.28607238591
8.4 1.75734817848 1.19577079371
8.41 1.79682413488 1.10429734613
8.42 1.83534501829 1.01174168715
8.43 1.8729199953 0.918194521322
8.44 1.90955935971 0.82374752486
8.45 1.94527442098 0.728493255823
8.46 1.98007739757 0.632525063396
8.47 2.01398131515 0.535936996406
8.48 2.04699991007 0.43882371116
8.49 2.07914753819 0.341280378678
8.5 2.11043908906 0.243402591424
8.51 2.14088990547 0.14528626963
8.52 2.17051570842 0.047027567292
8.53 2.19933252722 -0.0512772220618
8.54 2.22735663477 -0.149531759738
8.55 2.25460448776 -0.24763975629
8.56 2.28109267166 -0.34550506588
8.57 2.30683785026 -0.443031780506
8.58 2.33185671958 -0.540124323987
8.59 2.35616596593 -0.636687545631
8.6 2.37978222786 -0.732626813479
8.61 2.40272206187 -0.827848107051
8.62 2.42500191149 -0.922258109478
8.63 2.44663807973 -1.01576429896
8.64 2.46764670443 -1.10827503942
8.65 2.48804373654 -1.19969967035
8.66 2.50784492099 -1.2899485956
8.67 2.52706577993 -1.37893337123
8.68 2.54572159829 -1.46656679215
8.69 2.56382741134 -1.55276297762
8.7 2.58139799418 -1.63743745537
8.71 2.59844785293 -1.72050724441
8.72 2.61499121753 -1.80189093635
8.73 2.63104203596 -1.88150877518
8.74 2.64661396983 -1.95928273541
8.75 2.66172039107 -2.03513659855
8.76 2.67637437975 -2.10899602783
8.77 2.6905887229 -2.180788641
8.78 2.70437591413 -2.2504440813
8.79 2.7177481541 -2.31789408641
8.8 2.73071735163 -2.38307255531
8.81 2.74329512546 -2.4459156131
8.82 2.75549280659 -2.50636167359
8.83 2.76732144103 -2.56435149965
8.84 2.77879179307 -2.61982826123
8.85 2.78991434883 -2.67273759112
8.86 2.80069932019 -2.72302763817
8.87 2.81115664899 -2.77064911813
8.88 2.82129601141 -2.81555536196
8.89 2.83112682266 -2.85770236153
8.9 2.84065824174 -2.89704881279
8.91 2.84989917631 -2.93355615621
8.92 2.85885828779 -2.9671886146
8.93 2.86754399643 -2.99791322815
8.94 2.87596448649 -3.02569988673
8.95 2.88412771139 -3.05052135943
8.96 2.89204139902 -3.07235332119
8.97 2.89971305689 -3.09117437669
8.98 2.90714997739 -3.10696608131
8.99 2.91435924296 -3.11971295917
9.0 2.92134773128 -3.12940251833
9.01 2.92812212033 -3.13602526302
9.02 2.93468889351 -3.13957470295
9.03 2.94105434462 -3.14004735967
9.04 2.94722458279 -3.13744276999
9.05 2.95320553734 -3.13176348638
9.06 2.9590029626 -3.12301507456
9.07 2.96462244258 -3.11120610797
9.08 2.97006939559 -3.09634815939
9.09 2.97534907882 -3.07845578961
9.1 2.98046659274 -3.05754653316
9.11 2.98542688548 -3.03364088111
9.12 2.99023475706 -3.006762261
9.13 2.99489486361 -2.97693701387
9.14 2.99941172141 -2.94419436846
9.15 3.00378971089 -2.90856641258
9.16 3.00803308049 -2.87008806161
9.17 3.0121459505 -2.82879702434
9.18 3.01613231672 -2.78473376598
9.19 3.0199960541 -2.73794146854
9.2 3.02374092026 -2.68846598845
9.21 3.02737055889 -2.6363558117
9.22 3.0308885031 -2.58166200625
9.23 3.03429817871 -2.52443817204
9.24 3.03760290737 -2.46474038842
9.25 3.04080590965 -2.40262715921
9.26 3.04391030806 -2.33815935539
9.27 3.04691912993 -2.27140015541
9.28 3.04983531028 -2.20241498327
9.29 3.05266169457 -2.13127144444
9.3 3.05540104135 -2.0580392596
9.31 3.05805602489 -1.98279019629
9.32 3.06062923772 -1.90559799858
9.33 3.06312319306 -1.82653831484
9.34 3.06554032723 -1.74568862355
9.35 3.06788300194 -1.6631281574
9.36 3.07015350658 -1.57893782566
9.37 3.07235406039 -1.49320013485
9.38 3.07448681459 -1.40599910791
9.39 3.07655385441 -1.31742020185
9.4 3.07855720113 -1.22755022399
9.41 3.08049881401 -1.1364772469
9.42 3.08238059217 -1.04429052212
9.43 3.08420437641 -0.951080392622
9.44 3.085971951 -0.85693820434
9.45 3.0876850454 -0.761956216619
9.46 3.08934533594 -0.666227511805
9.47 3.09095444739 -0.56984590403
9.48 3.0925139546 -0.472905847268
9.49 3.094025384 -0.375502342777
9.5 3.09549021505 -0.277730845989
9.51 3.09690988172 -0.179687172972
9.52 3.09828577383 -0.0814674065263
9.53 3.09961923847 0.0168321979783
9.54 3.10091158124 0.115115306929
9.55 3.10216406756 0.213285602879
9.56 3.10337792387 0.311246878938
9.57 3.10455433886 0.408903133055
9.58 3.1056944646 0.506158662102
9.59 3.10679941767 0.602918155661
9.6 3.10787028025 0.699086789426
9.61 3.10890810117 0.794570318139
9.62 3.10991389693 0.889275167939
9.63 3.1108886527 0.983108528075
9.64 3.11183332327 1.07597844185
9.65 3.11274883401 1.16779389676
9.66 3.11363608172 1.25846491364
9.67 3.11449593556 1.34790263492
9.68 3.11532923787 1.4360194116
9.69 3.11613680499 1.52272888927
9.7 3.11691942807 1.60794609262
9.71 3.11767787384 1.69158750881
9.72 3.11841288536 1.77357116923
9.73 3.11912518275 1.85381672991
9.74 3.11981546386 1.93224555019
9.75 3.12048440502 2.00878076984
9.76 3.12113266162 2.08334738433
9.77 3.12176086884 2.15587231838
9.78 3.12236964218 2.22628449756
9.79 3.12295957813 2.29451491794
9.8 3.12353125472 2.36049671369
9.81 3.1240852321 2.42416522266
9.82 3.12462205309 2.48545804972
9.83 3.12514224368 2.54431512789
9.84 3.12564631361 2.60067877723
9.85 3.12613475678 2.65449376137
9.86 3.12660805181 2.70570734163
9.87 3.12706666249 2.75426932868
9.88 3.12751103819 2.8001321318
9.89 3.12794161437 2.84325080543
9.9 3.12835881294 2.88358309327
9.91 3.12876304273 2.92108946968
9.92 3.12915469985 2.9557331784
9.93 3.12953416808 2.98748026862
9.94 3.12990181929 3.01629962817
9.95 3.13025801373 3.04216301408
9.96 3.13060310047 3.06504508024
9.97 3.13093741767 3.08492340222
9.98 3.13126129293 3.10177849927
9.99 3.13157504364 3.11559385339
10.0 3.13187897725 3.12635592553
10.01 3.13217339161 3.13405416886
10.02 3.13245857523 3.13868103911
10.03 3.13273480758 3.14023200194
10.04 3.13300235935 3.13870553741
10.05 3.13326149274 3.13410314145
10.06 3.13351246168 3.12642932442
10.07 3.13375551212 3.11569160664
10.08 3.13399088225 3.10190051109
10.09 3.13421880271 3.08506955304
10.1 3.13443949686 3.06521522683
10.11 3.13465318097 3.0423569897
10.12 3.13486006446 3.01651724271
10.13 3.13506035006 2.98772130883
10.14 3.13525423405 2.95599740807
10.15 3.13544190643 2.92137662984
10.16 3.13562355111 2.88389290252
10.17 3.13579934611 2.84358296015
10.18 3.1359694637 2.80048630649
10.19 3.13613407059 2.75464517624
10.2 3.1362933281 2.70610449372
10.21 3.13644739229 2.65491182879
10.22 3.13659641415 2.60111735028
10.23 3.13674053971 2.54477377676
10.24 3.13687991022 2.48593632494
10.25 3.13701466226 2.42466265552
10.26 3.13714492789 2.3610128167
10.27 3.13727083476 2.29504918532
10.28 3.13739250625 2.22683640573
10.29 3.13751006162 2.15644132647
10.3 3.13762361606 2.08393293471
10.31 3.13773328085 2.00938228867
10.32 3.13783916346 1.93286244799
10.33 3.13794136767 1.85444840211
10.34 3.13803999362 1.7742169968
10.35 3.13813513797 1.69224685883
10.36 3.13822689396 1.60861831894
10.37 3.13831535151 1.52341333309
10.38 3.13840059732 1.43671540218
10.39 3.13848271491 1.34860949018
10.4 3.13856178477 1.25918194087
10.41 3.13863788438 1.16852039327
10.42 3.13871108833 1.07671369567
10.43 3.13878146834 0.983851818659
10.44 3.13884909339 0.890025766862
10.45 3.13891402976 0.795327489814
10.46 3.13897634108 0.699849791826
10.47 3.13903608842 0.603686241042
10.48 3.13909333033 0.506931077741
10.49 3.1391481229 0.409679121985
10.5 3.13920051983 0.312025680689
10.51 3.13925057248 0.214066454225
10.52 3.13929832989 0.115897442637
10.53 3.13934383886 0.0176148515547
10.54 3.139387144 -0.080685002082
10.55 3.13942828774 -0.178905784417
10.56 3.1394673104 -0.276951239083
10.57 3.13950425022 -0.374725281534
10.58 3.13953914342 -0.47213209321
10.59 3.13957202417 -0.569076215434
10.6 3.13960292471 -0.665462642968
10.61 3.13963187532 -0.761196917111
10.62 3.13965890436 -0.856185218275
10.63 3.13968403833 -0.950334457926
10.64 3.13970730186 -1.04355236981
10.65 3.13972871775 -1.13574760037
10.66 3.13974830698 -1.22682979828
10.67 3.13976608875 -1.31670970299
10.68 3.13978208049 -1.40529923219
10.69 3.13979629787 -1.49251156814
10.7 3.13980875482 -1.57826124275
10.71 3.13981946355 -1.66246422135
10.72 3.13982843456 -1.74503798501
10.73 3.13983567663 -1.82590161145
10.74 3.13984119686 -1.9049758543
10.75 3.13984500067 -1.98218322082
10.76 3.13984709178 -2.05744804778
10.77 3.13984747224 -2.13069657566
10.78 3.13984614243 -2.20185702089
10.79 3.13984310103 -2.27085964624
10.8 3.13983834507 -2.33763682914
10.81 3.13983186989 -2.40212312794
10.82 3.13982366914 -2.46425534608
10.83 3.13981373479 -2.52397259398
10.84 3.1398020571 -2.58121634874
10.85 3.13978862463 -2.63593051148
10.86 3.13977342421 -2.68806146232
10.87 3.13975644095 -2.73755811292
10.88 3.13973765819 -2.78437195657
10.89 3.13971705755 -2.8284571157
10.9 3.13969461882 -2.86977038686
10.91 3.13967032002 -2.90827128305
10.92 3.13964413733 -2.94392207337
10.93 3.1396160451 -2.97668782006
10.94 3.13958601579 -3.00653641269
10.95 3.13955401998 -3.03343859964
10.96 3.1395200263 -3.05736801675
10.97 3.13948400146 -3.07830121321
10.98 3.13944591014 -3.09621767448
10.99 3.13940571501 -3.11109984243
11.0 3.13936337668 -3.12293313254
11.01 3.13931885367 -3.13170594817
11.02 3.13927210233 -3.13740969198
11.03 3.13922307685 -3.14003877429
11.04 3.13917172919 -3.1395906186
11.05 3.13911800903 -3.1360656641
11.06 3.13906186371 -3.12946736525
11.07 3.13900323823 -3.11980218838
11.08 3.13894207512 -3.10707960537
11.09 3.13887831445 -3.09131208435
11.1 3.13881189373 -3.07251507748
11.11 3.13874274787 -3.05070700584
11.12 3.1386708091 -3.02590924133
11.13 3.13859600693 -2.99814608577
11.14 3.13851826805 -2.96744474704
11.15 3.13843751628 -2.93383531246
11.16 3.13835367248 -2.89735071927
11.17 3.13826665448 -2.85802672238
11.18 3.13817637701 -2.8159018593
11.19 3.13808275159 -2.77101741239
11.2 3.13798568648 -2.72341736843
11.21 3.13788508655 -2.67314837544
11.22 3.13778085321 -2.62025969704
11.23 3.13767288431 -2.56480316415
11.24 3.13756107406 -2.50683312415
11.25 3.13744531286 -2.44640638769
11.26 3.13732548728 -2.38358217296
11.27 3.13720147989 -2.31842204771
11.28 3.13707316917 -2.25098986886
11.29 3.13694042936 -2.18135171993
11.3 3.13680313039 -2.10957584631
11.31 3.13666113771 -2.03573258837
11.32 3.13651431216 -1.95989431249
11.33 3.13636250986 -1.88213534018
11.34 3.13620558204 -1.80253187524
11.35 3.13604337492 -1.72116192907
11.36 3.13587572953 -1.6381052442
11.37 3.13570248158 -1.55344321619
11.38 3.1355234613 -1.46725881383
11.39 3.13533849325 -1.37963649783
11.4 3.13514739616 -1.29066213807
11.41 3.13494998277 -1.20042292941
11.42 3.1347460596 -1.10900730628
11.43 3.13453542682 -1.01650485599
11.44 3.13431787802 -0.923006230939
11.45 3.1340932 -0.828603059782
11.46 3.13386117259 -0.733387857628
11.47 3.1336215684 -0.637453935373
11.48 3.13337415263 -0.540895308261
11.49 3.13311868282 -0.443806603747
11.5 3.13285490861 -0.346282968761
11.51 3.13258257153 -0.248419976466
11.52 3.13230140469 -0.150313532594
11.53 3.13201113255 -0.0520597814601
11.54 3.13171147066 0.0462449882596
11.55 3.13140212538 0.144504437891
11.56 3.13108279354 0.242622273173
11.57 3.13075316224 0.340502338627
11.58 3.13041290844 0.43804871179
11.59 3.13006169872 0.535165797215
11.6 3.12969918892 0.631758420159
11.61 3.12932502379 0.727731919851
11.62 3.12893883669 0.822992242261
11.63 3.12854024918 0.917446032274
11.64 3.12812887067 1.01100072518
11.65 3.12770429806 1.10356463737
11.66 3.1272661153 1.19504705621
11.67 3.126813893 1.28535832894
11.68 3.12634718805 1.37440995051
11.69 3.12586554313 1.46211465033
11.7 3.12536848627 1.54838647779
11.71 3.12485553042 1.6331408865
11.72 3.12432617296 1.71629481714
11.73 3.12377989519 1.79776677887
11.74 3.12321616184 1.87747692915
11.75 3.12263442054 1.95534715203
11.76 3.12203410128 2.03130113471
11.77 3.12141461587 2.10526444228
11.78 3.12077535732 2.17716459069
11.79 3.12011569929 2.24693111781
11.8 3.11943499547 2.31449565243
11.81 3.11873257892 2.37979198131
11.82 3.11800776144 2.44275611405
11.83 3.11725983292 2.50332634579
11.84 3.11648806058 2.56144331772
11.85 3.11569168833 2.6170500752
11.86 3.11486993596 2.6700921236
11.87 3.11402199846 2.72051748172
11.88 3.11314704513 2.76827673271
11.89 3.11224421886 2.8133230725
11.9 3.11131263526 2.85561235568
11.91 3.11035138178 2.89510313875
11.92 3.10935951683 2.93175672075
11.93 3.10833606887 2.96553718116
11.94 3.10728003547 2.99641141513
11.95 3.1061903823 3.02434916592
11.96 3.10506604215 3.04932305452
11.97 3.10390591388 3.07130860653
11.98 3.10270886135 3.0902842761
11.99 3.10147371231 3.10623146709
12.0 3.10019925724 3.11913455123
12.01 3.09888424824 3.12898088352
12.02 3.09752739771 3.13576081454
12.03 3.09612737721 3.13946769996
12.04 3.09468281609 3.14009790704
12.05 3.09319230019 3.13765081817
12.06 3.09165437046 3.13212883149
12.07 3.09006752155 3.12353735856
12.08 3.08843020034 3.11188481902
12.09 3.08674080448 3.09718263236
12.1 3.08499768075 3.07944520671
12.11 3.08319912355 3.05868992477
12.12 3.08134337321 3.0349371267
12.13 3.07942861428 3.00821009024
12.14 3.07745297383 2.9785350079
12.15 3.07541451958 2.94594096124
12.16 3.07331125809 2.91045989245
12.17 3.07114113282 2.87212657296
12.18 3.06890202215 2.83097856943
12.19 3.06659173739 2.7870562069
12.2 3.06420802061 2.74040252929
12.21 3.06174854257 2.6910632572
12.22 3.05921090041 2.63908674312
12.23 3.05659261542 2.58452392403
12.24 3.05389113066 2.52742827149
12.25 3.05110380854 2.46785573925
12.26 3.04822792833 2.40586470838
12.27 3.04526068356 2.3415159301
12.28 3.04219917941 2.27487246621
12.29 3.03904042995 2.2059996273
12.3 3.03578135537 2.13496490876
12.31 3.03241877912 2.0618379246
12.32 3.02894942487 1.98669033928
12.33 3.02536991356 1.90959579743
12.34 3.02167676021 1.8306298517
12.35 3.01786637073 1.74986988871
12.36 3.01393503861 1.66739505323
12.37 3.00987894155 1.58328617059
12.38 3.00569413795 1.49762566751
12.39 3.00137656336 1.41049749128
12.4 2.99692202683 1.32198702751
12.41 2.99232620712 1.23218101644
12.42 2.98758464889 1.14116746799
12.43 2.98269275874 1.04903557541
12.44 2.97764580118 0.955875627969
12.45 2.97243889448 0.861778922413
12.46 2.96706700651 0.766837673513
12.47 2.96152495034 0.671144923693
12.48 2.95580737992 0.574794451848
12.49 2.94990878551 0.47788068144
12.5 2.94382348915 0.380498587964
12.51 2.93754563998 0.282743605872
12.52 2.93106920944 0.184711535046
12.53 2.92438798653 0.0864984469157
12.54 2.91749557282 -0.0117994096924
12.55 2.91038537752 -0.110085702879
12.56 2.90305061243 -0.208264112077
12.57 2.89548428687 -0.306238422445
12.58 2.88767920249 -0.403912619159
12.59 2.87962794814 -0.501190981506
12.6 2.87132289464 -0.597978176691
12.61 2.86275618956 -0.694179353263
12.62 2.85391975198 -0.789700234069
12.63 2.84480526731 -0.884447208646
12.64 2.83540418206 -0.978327424958
12.65 2.82570769877 -1.07124888039
12.66 2.81570677087 -1.16312051193
12.67 2.80539209777 -1.25385228536
12.68 2.79475411997 -1.34335528355
12.69 2.78378301439 -1.43154179356
12.7 2.77246868985 -1.51832539262
12.71 2.76080078273 -1.60362103279
12.72 2.74876865299 -1.68734512435
12.73 2.73636138039 -1.76941561769
12.74 2.72356776111 -1.84975208372
12.75 2.71037630473 -1.92827579271
12.76 2.69677523177 -2.00490979142
12.77 2.68275247159 -2.07957897854
12.78 2.66829566103 -2.15221017826
12.79 2.65339214363 -2.222732212
12.8 2.6380289696 -2.29107596818
12.81 2.62219289665 -2.3571744699
12.82 2.60587039173 -2.42096294065
12.83 2.58904763382 -2.48237886771
12.84 2.57171051778 -2.54136206349
12.85 2.55384465959 -2.59785472444
12.86 2.53543540283 -2.65180148776
12.87 2.51646782681 -2.70314948563
12.88 2.49692675625 -2.751848397
12.89 2.47679677291 -2.79785049694
12.9 2.45606222903 -2.84111070339
12.91 2.43470726314 -2.88158662135
12.92 2.41271581801 -2.91923858442
12.93 2.39007166126 -2.95402969369
12.94 2.36675840867 -2.98592585385
12.95 2.34275955038 -3.01489580667
12.96 2.31805848033 -3.04091116161
12.97 2.29263852897 -3.0639464236
12.98 2.26648299968 -3.0839790181
12.99 2.23957520888 -3.10098931317
13.0 2.21189853029 -3.1149606387
13.01 2.18343644339 -3.12587930281
13.02 2.15417258643 -3.13373460521
13.03 2.124090814 -3.13851884769
13.04 2.09317525962 -3.14022734169
13.05 2.06141040325 -3.13885841291
13.06 2.02878114407 -3.13441340288
13.07 1.99527287847 -3.12689666771
13.08 1.96087158353 -3.11631557382
13.09 1.92556390575 -3.10268049065
13.1 1.88933725527 -3.08600478061
13.11 1.85217990527 -3.06630478588
13.12 1.81408109655 -3.04359981247
13.13 1.77503114694 -3.01791211123
13.14 1.73502156519 -2.98926685613
13.15 1.69404516904 -2.95769211951
13.16 1.6520962067 -2.92321884461
13.17 1.60917048131 -2.88588081524
13.18 1.5652654774 -2.84571462268
13.19 1.52038048848 -2.80275962978
13.2 1.47451674476 -2.75705793245
13.21 1.42767753971 -2.70865431834
13.22 1.3798683542 -2.657596223
13.23 1.33109697671 -2.60393368337
13.24 1.28137361801 -2.54771928872
13.25 1.23071101869 -2.48900812917
13.26 1.17912454769 -2.42785774165
13.27 1.12663228995 -2.36432805355
13.28 1.07325512141 -2.29848132395
13.29 1.01901676934 -2.23038208266
13.3 0.963943856103 -2.16009706693
13.31 0.908065924737 -2.08769515607
13.32 0.851415444443 -2.01324730395
13.33 0.794027794603 -1.93682646948
13.34 0.735941225965 -1.85850754507
13.35 0.67719679794 -1.77836728327
13.36 0.61783829127 -1.69648422152
13.37 0.557912095652 -1.61293860524
13.38 0.497467072301 -1.52781230913
13.39 0.436554391823 -1.44118875696
13.4 0.375227348213 -1.3531528398
13.41 0.313541150215 -1.26379083286
13.42 0.251552691726 -1.1731903109
13.43 0.189320303316 -1.08144006244
13.44 0.126903487347 -0.988630002717
13.45 0.0643626394989 -0.894851085592
13.46 0.00175875980388 -0.800195214403
13.47 -0.0608468434749 -0.704755151904
13.48 -0.123392853635 -0.608624429356
13.49 -0.185818245429 -0.511897254867
13.5 -0.248062581482 -0.414668421068
13.51 -0.310066301755 -0.317033212217
13.52 -0.371771002686 -0.219087310817
13.53 -0.433119702919 -0.120926703853
13.54 -0.494057092769 -0.0226475887197
13.55 -0.554529764942 0.0756537210509
13.56 -0.614486424398 0.173880890175
13.57 -0.673878075662 0.271937656027
13.58 -0.732658186317 0.369727922975
13.59 -0.790782825845 0.467155856559
13.6 -0.848210779411 0.564125977404
13.61 -0.904903636595 0.660543254791
13.62 -0.960825855464 0.756313199788
13.63 -1.0159448027 0.85134195785
13.64 -1.07023077084 0.945536400793
13.65 -1.12365697392 1.03880421806
13.66 -1.17619952306 1.1310540072
13.67 -1.22783738359 1.22219536341
13.68 -1.27855231562 1.31213896816
13.69 -1.32832879987 1.40079667673
13.7 -1.3771539506 1.48808160455
13.71 -1.4250174177 1.5739082124
13.72 -1.47191127961 1.6581923902
13.73 -1.51782992896 1.74085153945
13.74 -1.56276995265 1.8218046542
13.75 -1.6067300079 1.90097240039
13.76 -1.6497106958 1.97827719363
13.77 -1.69171443357 2.05364327521
13.78 -1.732745327 2.12699678639
13.79 -1.77280904383 2.19826584072
13.8 -1.81191268923 2.26738059452
13.81 -1.85006468406 2.33427331534
13.82 -1.88727464666 2.39887844831
13.83 -1.92355327868 2.4611326804
13.84 -1.95891225538 2.52097500246
13.85 -1.99336412083 2.57834676902
13.86 -2.02692218818 2.63319175575
13.87 -2.05960044516 2.68545621456
13.88 -2.09141346499 2.73508892628
13.89 -2.12237632271 2.78204125085
13.9 -2.15250451676 2.82626717499
13.91 -2.18181389601 2.8677233573
13.92 -2.2103205919 2.90636917072
13.93 -2.23804095561 2.94216674236
13.94 -2.26499150018 2.97508099058
13.95 -2.29118884727 3.00507965944
13.96 -2.31664967845 3.03213335023
13.97 -2.34139069073 3.05621555034
13.98 -2.36542855616 3.07730265921
13.99 -2.38877988527 3.09537401147
14.0 -2.41146119414 3.1104118972
14.01 -2.43348887477 3.12240157927
14.02 -2.45487916871 3.13133130779
14.03 -2.47564814359 3.13719233163
14.04 -2.49581167241 3.13997890699
14.05 -2.51538541534 3.13968830302
14.06 -2.53438480392 3.13632080451
14.07 -2.55282502737 3.12987971161
14.08 -2.57072102099 3.1203713366
14.09 -2.58808745625 3.10780499767
14.1 -2.60493873268 3.09219300985
14.11 -2.62128897121 3.07355067288
14.12 -2.63715200896 3.05189625625
14.13 -2.65254139523 3.02725098128
14.14 -2.66747038871 2.99963900036
14.15 -2.68195195563 2.96908737321
14.16 -2.69599876895 2.93562604044
14.17 -2.7096232083 2.89928779415
14.18 -2.72283736069 2.86010824582
14.19 -2.73565302195 2.81812579142
14.2 -2.74808169865 2.77338157373
14.21 -2.76013461064 2.7259194421
14.22 -2.77182269401 2.67578590942
14.23 -2.78315660444 2.62303010655
14.24 -2.79414672097 2.56770373418
14.25 -2.80480314997 2.50986101214
14.26 -2.81513572949 2.44955862631
14.27 -2.82515403368 2.38685567303
14.28 -2.83486737757 2.32181360119
14.29 -2.84428482185 2.25449615202
14.3 -2.85341517786 2.18496929662
14.31 -2.86226701265 2.11330117131
14.32 -2.87084865409 2.03956201085
14.33 -2.8791681961 1.96382407963
14.34 -2.8872335038 1.8861616008
14.35 -2.89505221878 1.80665068361
14.36 -2.90263176429 1.72536924874
14.37 -2.9099793505 1.64239695201
14.38 -2.91710197962 1.55781510627
14.39 -2.9240064511 1.47170660172
14.4 -2.93069936667 1.38415582471
14.41 -2.93718713543 1.29524857499
14.42 -2.9434759788 1.20507198166
14.43 -2.94957193544 1.11371441779
14.44 -2.95548086608 1.02126541379
14.45 -2.96120845827 0.927815569686
14.46 -2.96676023106 0.833456466324
14.47 -2.97214153959 0.738280575624
14.48 -2.9773575796 0.642381169961
14.49 -2.98241339182 0.545852230751
14.5 -2.9873138663 0.448788356354
14.51 -2.99206374664 0.351284669369
14.52 -2.99666763411 0.253436723408
14.53 -3.00112999171 0.155340409457
14.54 -3.0054551481 0.0570918619055
14.55 -3.00964730146 -0.0412126356708
14.56 -3.01371052324 -0.139476744864
14.57 -3.01764876184 -0.237604166848
14.58 -3.02146584619 -0.335498736747
14.59 -3.02516548919 -0.433064517885
14.6 -3.02875129117 -0.530205895796
14.61 -3.03222674315 -0.626827671928
14.62 -3.03559523007 -0.722835156942
14.63 -3.03886003392 -0.818134263502
14.64 -3.0420243368 -0.912631598484
14.65 -3.04509122388 -1.0062345545
14.66 -3.04806368628 -1.09885140065
14.67 -3.05094462386 -1.19039137243
14.68 -3.05373684798 -1.28076476067
14.69 -3.05644308413 -1.36988299943
14.7 -3.05906597451 -1.45765875286
14.71 -3.06160808051 -1.54400600072
14.72 -3.06407188518 -1.62884012269
14.73 -3.06645979556 -1.71207798134
14.74 -3.068774145 -1.79363800357
14.75 -3.07101719535 -1.87344026055
14.76 -3.07319113915 -1.95140654608
14.77 -3.07529810173 -2.0274604532
14.78 -3.07734014322 -2.10152744907
14.79 -3.07931926057 -2.17353494804
14.8 -3.08123738944 -2.24341238276
14.81 -3.08309640604 -2.31109127335
14.82 -3.08489812902 -2.37650529449
14.83 -3.08664432112 -2.43959034044
14.84 -3.08833669094 -2.50028458785
14.85 -3.0899768946 -2.55852855637
14.86 -3.09156653726 -2.61426516691
14.87 -3.09310717478 -2.66743979758
14.88 -3.09460031514 -2.71800033725
14.89 -3.09604741996 -2.76589723659
14.9 -3.09744990588 -2.81108355664
14.91 -3.09880914595 -2.8535150148
14.92 -3.10012647098 -2.89315002825
14.93 -3.10140317079 -2.92994975467
14.94 -3.10264049551 -2.96387813033
14.95 -3.10383965677 -2.99490190542
14.96 -3.10500182888 -3.02299067664
14.97 -3.10612814998 -3.04811691701
14.98 -3.10721972315 -3.07025600279
14.99 -3.10827761749 -3.08938623769
15.0 -3.10930286913 -3.10548887408
15.01 -3.11029648228 -3.11854813137
15.02 -3.11125943018 -3.12855121149
15.03 -3.11219265609 -3.13548831143
15.04 -3.11309707415 -3.13935263282
15.05 -3.11397357032 -3.14014038863
15.06 -3.11482300323 -3.13785080686
15.07 -3.11564620502 -3.1324861313
15.08 -3.11644398214 -3.12405161933
15.09 -3.11721711616 -3.11255553677
15.1 -3.11796636451 -3.09800914979
15.11 -3.11869246126 -3.08042671384
15.12 -3.11939611778 -3.05982545971
15.13 -3.12007802349 -3.03622557663
15.14 -3.12073884648 -3.00965019248
15.15 -3.12137923422 -2.98012535115
15.16 -3.12199981416 -2.94767998697
15.17 -3.12260119435 -2.9123458964
15.18 -3.12318396402 -2.87415770686
15.19 -3.1237486942 -2.83315284276
15.2 -3.12429593822 -2.78937148888
15.21 -3.12482623231 -2.74285655094
15.22 -3.12534009608 -2.69365361358
15.23 -3.12583803304 -2.64181089567
15.24 -3.12632053111 -2.58737920309
15.25 -3.12678806309 -2.5304118789
15.26 -3.12724108709 -2.47096475105
15.27 -3.12768004704 -2.40909607776
15.28 -3.12810537308 -2.3448664903
15.29 -3.12851748198 -2.27833893369
15.3 -3.12891677759 -2.20957860492
15.31 -3.12930365116 -2.13865288912
15.32 -3.12967848182 -2.06563129349
15.33 -3.13004163686 -1.99058537919
15.34 -3.13039347216 -1.91358869122
15.35 -3.13073433249 -1.83471668633
15.36 -3.13106455187 -1.75404665908
15.37 -3.13138445391 -1.67165766612
15.38 -3.13169435208 -1.58763044864
15.39 -3.13199455008 -1.50204735332
15.4 -3.13228534208 -1.41499225159
15.41 -3.13256701305 -1.32655045746
15.42 -3.132839839 -1.23680864388
15.43 -3.13310408731 -1.14585475782
15.44 -3.13336001693 -1.05377793411
15.45 -3.13360787865 -0.960668408017
15.46 -3.13384791538 -0.866617426887
15.47 -3.13408036233 -0.771717160678
15.48 -3.13430544732 -0.676060611652
15.49 -3.1345233909 -0.579741523227
15.5 -3.13473440666 -0.482854288108
15.51 -3.1349387014 -0.385493855788
15.52 -3.13513647531 -0.287755639488
15.53 -3.1353279222 -0.189735422662
15.54 -3.1355132297 -0.0915292651221
15.55 -3.13569257941 0.00676659109801
15.56 -3.13586614707 0.105055816059
15.57 -3.13603410279 0.20324208632
15.58 -3.13619661116 0.301229179336
15.59 -3.13635383143 0.398921067757
15.6 -3.13650591767 0.496222013531
15.61 -3.13665301894 0.593036661732
15.62 -3.13679527939 0.689270134005
15.63 -3.13693283843 0.784828121546
15.64 -3.13706583086 0.879616977528
15.65 -3.13719438702 0.973543808872
15.66 -3.1373186329 1.06651656728
15.67 -3.13743869025 1.15844413946
15.68 -3.13755467673 1.24923643638
15.69 -3.137666706 1.33880448159
15.7 -3.13777488785 1.42706049841
15.71 -3.1378793283 1.51391799594
15.72 -3.1379801297 1.59929185383
15.73 -3.13807739083 1.68309840571
15.74 -3.13817120702 1.76525552115
15.75 -3.13826167019 1.84568268618
15.76 -3.138348869 1.92430108218
15.77 -3.13843288891 2.00103366312
15.78 -3.13851381226 2.07580523106
15.79 -3.13859171835 2.14854250988
15.8 -3.13866668352 2.21917421704
15.81 -3.13873878125 2.28763113347
15.82 -3.13880808219 2.35384617139
15.83 -3.13887465425 2.41775444006
15.84 -3.13893856268 2.47929330938
15.85 -3.13899987009 2.53840247125
15.86 -3.13905863659 2.5950239987
15.87 -3.13911491975 2.64910240264
15.88 -3.13916877473 2.70058468622
15.89 -3.13922025432 2.74942039681
15.9 -3.13926940895 2.7955616754
15.91 -3.13931628681 2.83896330356
15.92 -3.13936093383 2.87958274768
15.93 -3.13940339377 2.9173802007
15.94 -3.13944370823 2.95231862113
15.95 -3.13948191673 2.98436376932
15.96 -3.13951805671 3.013484241
15.97 -3.13955216358 3.03965149813
15.98 -3.13958427078 3.0628398968
15.99 -3.13961440976 3.08302671236
16.0 -3.13964261006 3.10019216174
16.01 -3.13966889933 3.11431942281
16.02 -3.13969330331 3.12539465084
16.03 -3.13971584593 3.13340699212
16.04 -3.13973654929 3.13834859454
16.05 -3.13975543366 3.14021461534
