0.480470100395 0.0 -0.000559236023929
0.960754532269 0.0 0.023290720331
1.44204314416 0.0 0.021595705037
1.92311762531 0.0 0.0193347324903
2.40409609018 0.0 0.0415156512045
2.88599309551 0.0 0.0381168638201
3.36767716061 0.0 0.0341534047916
3.84935489896 0.0 0.0546648111881
4.3318655116 0.0 0.0495615093319
4.81416437283 0.0 0.0438948262499
5.29654663346 0.0 0.0627362585085
5.77967607627 0.0 0.0559277122243
6.26259495476 0.0 0.0485570799444
6.74568699481 0.0 0.0657280891404
7.22944049959 0.0 0.0572135809371
7.71298462543 0.0 0.0481382867822
8.19679171029 0.0 0.0636384369251
8.6811745178 0.0 0.0534172618168
9.16534913001 0.0 0.042636605617
9.64987653334 0.0 0.0564654736899
10.1348938932 0.0 0.0445369392356
10.6197042397 0.0 0.0320502333682
11.1049572434 0.0 0.0442074093659
11.5906144143 0.0 0.03057083571
12.0760657519 0.0 0.0163774051392
12.5620496461 0.0 0.0268624921079
13.0483518954 0.0 0.0115172120196
13.5344494897 0.0 -0.00438360566316
14.0211695728 0.0 0.00442900841235
14.5081221768 0.0 -0.0126256326739
14.9948713024 0.0 -0.0302344872103
15.4823328807 0.0 -0.0230947167633
15.9699411247 0.0 -0.041859360708
16.4573470649 0.0 -0.0611768891327
16.9455554531 0.0 -0.0557103198822
17.4338246309 0.0 -0.0761855958009
17.9218926778 0.0 -0.0972124224015
18.4108531988 0.0 -0.093419398709
18.8997886132 0.0 -0.115605922932
19.3885240678 0.0 -0.13834265921
19.8782420523 0.0 -0.136223512191
20.3678490149 0.0 -0.160121888224
20.8572571869 0.0 -0.184569132852
21.3477379738 0.0 -0.18412418034
21.8380218049 0.0 -0.209734998823
22.3281080126 0.0 -0.23589333761
22.819356949 0.0 -0.237122884114
23.3103229777 0.0 -0.264446722782
23.8010925483 0.0 -0.292316728627
24.2931149893 0.0 -0.295221065294
24.7847685532 0.0 -0.324258488938
25.2762268225 0.0 -0.353840721795
25.769028131 0.0 -0.358420126373
26.2613745767 0.0 -0.389171686798
26.7535268893 0.0 -0.420466693634
27.2471124363 0.0 -0.42672143043
27.7401571188 0.0 -0.459187666416
28.2330088279 0.0 -0.492195981172
28.7273839925 0.0 -0.500126301016
29.2211322755 0.0 -0.534307738278
29.7146887428 0.0 -0.569029881829
30.2098589119 0.0 -0.578636022033
30.7043161678 0.0 -0.614533173182
31.1985827638 0.0 -0.650969653293
31.6945533322 0.0 -0.662251837615
32.1897249421 0.0 -0.699865202116
32.6847070457 0.0 -0.738016513409
33.1814834162 0.0 -0.750974952012
33.6773747696 0.0 -0.790305016145
34.1730777685 0.0 -0.830171640054
34.6706653516 0.0 -0.844806529467
35.1672818466 0.0 -0.885853766288
35.6637111368 0.0 -0.927436171022
36.162115351 0.0 -0.943747694103
36.6594623942 0.0 -0.986512563401
37.1566233804 0.0 -1.0298112039
37.6558496519 0.0 -1.0477995298
38.1539326587 0.0 -1.09228247806
38.6518307539 0.0 -1.13729779596
39.1518845168 0.0 -1.15696308007
39.6507089107 0.0 -1.20316454044
40.1493495366 0.0 -1.24989696403
40.6502362328 0.0 -1.27123934796
41.1498074458 0.0 -1.31915974019
41.6491960326 0.0 -1.36760968437
42.1509211114 0.0 -1.39062929591
42.6512445843 0.0 -1.44026902633
43.1513865703 0.0 -1.49043689258
43.6539554892 0.0 -1.51513384564
44.1550366709 0.0 -1.56649330712
44.6559375031 0.0 -1.61837948346
45.1593557269 0.0 -1.64475387805
45.6612000749 0.0 -1.69783344994
46.1628652085 0.0 -1.75143831087
46.6671382099 0.0 -1.77949023307
47.1697511898 0.0 -1.8342902812
47.6721860885 0.0 -1.88961418768
48.1773193478 0.0 -1.91934370958
48.6807064339 0.0 -1.97586458617
49.1839165696 0.0 -2.03290788557
49.6899155747 0.0 -2.06431506523
50.1940822493 0.0 -2.12255710891
50.6980731024 0.0 -2.18132013497
51.2049433487 0.0 -2.21440501641
51.7098951027 0.0 -2.2743685521
52.2146721617 0.0 -2.33485162492
52.7224191522 0.0 -2.36961423804
53.2281614846 0.0 -2.431299577
53.7337302463 0.0 -2.49350300295
54.2423594917 0.0 -2.52994336353
54.7488979097 0.0 -2.59335080324
55.2552638793 0.0 -2.65727487496
55.7647808976 0.0 -2.6953929846
56.2721209169 0.0 -2.76052280878
56.7792896076 0.0 -2.8261678051
57.2896999244 0.0 -2.86596365121
57.7978470686 0.0 -2.93281612973
58.305824002 0.0 -3.00018231569
58.8171331502 0.0 -3.04165587139
59.3260929513 0.0 -3.11023126029
59.834883657 0.0 -3.17931888704
60.3470971772 0.0 -3.22247011118
60.8568751752 0.0 -3.29276865257
61.366485191 0.0 -3.36357795736
61.8796086311 0.0 -3.40840679446
62.3902103742 0.0 -3.48042871652
62.9006452461 0.0 -3.55295992267
63.4146841612 0.0 -3.59946630288
63.9261152058 0.0 -3.67321181979
64.4373804877 0.0 -3.74746513662
64.9523404404 0.0 -3.79564897569
65.4646063509 0.0 -3.87111828763
65.976707605 0.0 -3.94709391044
66.4925941653 0.0 -3.99695510967
67.0057005141 0.0 -4.07414840275
67.5186433105 0.0 -4.15184651277
68.0354620555 0.0 -4.20338495897
68.5494144232 0.0 -4.28230240519
69.06320434 0.0 -4.36172316956
69.5809608543 0.0 -4.41493873504
70.0957648293 0.0 -4.49558049225
70.6104074526 0.0 -4.57672406396
71.1291073279 0.0 -4.63161660645
71.6447685068 0.0 -4.71398281833
72.1602694308 0.0 -4.79684933619
72.6799182659 0.0 -4.85341869884
73.1964422531 0.0 -4.93750949485
73.7128070798 0.0 -5.02209908343
74.2334104809 0.0 -5.08034509475
74.7508028888 0.0 -5.16616059007
75.2680372281 0.0 -5.2524733597
75.7896008086 0.0 -5.31239583351
76.3078672574 0.0 -5.39993612904
76.8259767273 0.0 -5.48797217574
77.3485061075 0.0 -5.54957091116
77.8676522253 0.0 -5.63883609345
78.3866424514 0.0 -5.72859549889
78.9101432589 0.0 -5.79187028029
79.4301746819 0.0 -5.8828604215
79.9500512977 0.0 -5.97434325298
80.474529167 0.0 -6.03929384993
80.9954515389 0.0 -6.13200900781
81.516220186 0.0 -6.2252153182
82.0416807586 0.0 -6.29184148546
82.5634997312 0.0 -6.38628170329
83.0851660585 0.0 -6.481211531
83.6116149832 0.0 -6.54951300845
84.1343362158 0.0 -6.64567831502
84.6569058803 0.0 -6.74233168397
85.1843488127 0.0 -6.81230819658
85.7079779725 0.0 -6.91019860613
86.2314566388 0.0 -7.00857552568
86.7598992415 0.0 -7.0802267835
87.2844420033 0.0 -7.17984229569
87.8088353438 0.0 -7.27994276064
88.3382832864 0.0 -7.35326845872
88.8637453327 0.0 -7.4546090586
89.3890590274 0.0 -7.55643304912
89.9195179862 0.0 -7.6314328675
90.4459050074 0.0 -7.73449852545
90.9721447439 0.0 -7.83804600705
91.5036204023 0.0 -7.91471961071
92.0309380962 0.0 -8.01951028241
92.5581095698 0.0 -8.12478120591
93.0906076178 0.0 -8.20312824473
93.61886169 0.0 -8.30964387114
94.1469706036 0.0 -8.4166381726
94.6804967382 0.0 -8.49665828134
95.2096929016 0.0 -8.60489878863
95.7387449656 0.0 -8.71361638935
96.2733048906 0.0 -8.79530918759
96.8034488659 0.0 -8.90527448711
97.3334497983 0.0 -9.01571529357
97.869049224 0.0 -9.09908038568
98.4001467394 0.0 -9.21077037392
98.9311022657 0.0 -9.32293427775
99.4677469095 0.0 -9.40797125286
99.9998037005 0.0 -9.52138581142
100.531719554 0.0 -9.63527268934
101.069415139 0.0 -9.72198112128
101.602436949 0.0 -9.83712011682
102.13531887 0.0 -9.95272983063
102.674071128 0.0 -10.0411092779
103.208063707 0.0 -10.1579725621
103.741917443 0.0 -10.2753049586
104.28173211 0.0 -10.3653549644
104.816701217 0.0 -10.483942374
105.351532523 0.0 -10.602997285
105.892415344 0.0 -10.694717377
106.428366743 0.0 -10.8150287335
106.964181382 0.0 -10.9358059758
107.506138107 0.0 -11.0291956664
108.043077572 0.0 -11.1512307764
108.579881314 0.0 -11.2737301515
109.1229177 0.0 -11.3687889376
109.66085101 0.0 -11.4925475925
110.198649632 0.0 -11.616768887
110.742771442 0.0 -11.7134962499
111.281704384 0.0 -11.8389782258
111.820503672 0.0 -11.9649212111
112.365716675 0.0 -12.0633166165
112.905655045 0.0 -12.1905216745
113.445460789 0.0 -12.3181861067
113.991770763 0.0 -12.4182490048
114.532720362 0.0 -12.5471768907
115.073538362 0.0 -12.6765625106
115.620951089 0.0 -12.7782923361
116.162917726 0.0 -12.9089427802
116.704753787 0.0 -13.0400493136
117.253275056 0.0 -13.1434454852
117.796264549 0.0 -13.2758182028
118.339124485 0.0 -13.4086453598
118.888760092 0.0 -13.5137072808
119.432778262 0.0 -13.6478019716
119.976667894 0.0 -13.7823494471
120.52742364 0.0 -13.889076505
121.072476319 0.0 -14.0248928534
121.617401474 0.0 -14.1611603269
122.169283168 0.0 -14.2695518934
122.715376192 0.0 -14.4070895682
123.261342706 0.0 -14.5450767037
123.814356161 0.0 -14.6551321347
124.361495376 0.0 -14.7943907893
124.90850909 0.0 -14.9340972355
125.462660128 0.0 -15.045815871
126.010851385 0.0 -15.1867951433
126.558918147 0.0 -15.3282205332
127.114212594 0.0 -15.4416016972
127.663461753 0.0 -15.5843012097
128.212587419 0.0 -15.7274451606
128.769031108 0.0 -15.8424881614
129.319344033 0.0 -15.9869075207
129.869534467 0.0 -16.1317696346
130.427133237 0.0 -16.2484737645
130.978515801 0.0 -16.3946125616
131.529776871 0.0 -16.5411924247
132.088536567 0.0 -16.6595569599
132.64099465 0.0 -16.8074147703
133.193332234 0.0 -16.9557119531
133.753258707 0.0 -17.0757361538
134.306798196 0.0 -17.2253125372
134.860218176 0.0 -17.3753265945
135.421317283 0.0 -17.4970097048
135.97594407 0.0 -17.6483042051
136.530452337 0.0 -17.800034676
137.092729943 0.0 -17.9233759239
137.648449928 0.0 -18.0763880691
138.204052378 0.0 -18.2298344769
138.767514351 0.0 -18.3548330743
139.324333441 0.0 -18.5095623768
139.881035979 0.0 -18.6647242288
140.445688194 0.0 -18.7913793714
141.003612303 0.0 -18.9478253275
141.561420839 0.0 -19.1047021153
142.127269176 0.0 -19.2330129825
142.686304225 0.0 -19.3911750727
143.245224676 0.0 -19.549766272
143.812275023 0.0 -19.679732027
144.372426938 0.0 -19.8396097159
144.932465228 0.0 -19.9999147862
145.500723477 0.0 -20.1315345759
146.061998192 0.0 -20.293127312
146.623160251 0.0 -20.4551456971
147.192632302 0.0 -20.5884186521
147.755035756 0.0 -20.7517258677
148.317327522 0.0 -20.9154569953
148.888019278 0.0 -21.0503822297
149.45155742 0.0 -21.2154033415
150.014984836 0.0 -21.3808466231
150.586902207 0.0 -21.5174232346
151.151580988 0.0 -21.6841576428
151.716150005 0.0 -21.8513124739
152.289298907 0.0 -21.9895395439
152.855124289 0.0 -22.1579866326
153.420840863 0.0 -22.3268523925
153.995227216 0.0 -22.4667289859
154.562205165 0.0 -22.6368881231
155.12907526 0.0 -22.8074641749
155.704704992 0.0 -22.94898934
156.27284148 0.0 -23.1208598775
156.840871065 0.0 -23.2931455681
157.417750108 0.0 -23.4363183366
157.987051115 0.0 -23.6098996098
158.556246166 0.0 -23.78389427
159.134380459 0.0 -23.928713657
159.70485197 0.0 -24.1040049852
160.27521847 0.0 -24.2797079291
160.854613956 0.0 -24.4261729332
161.426261964 0.0 -24.6031736192
161.997805901 0.0 -24.780584145
162.578468529 0.0 -24.928693748
163.151299032 0.0 -25.1074030782
163.724026401 0.0 -25.2865204674
164.305962125 0.0 -25.4362736345
164.879981128 0.0 -25.6166908789
165.453897932 0.0 -25.7975143968
166.037112712 0.0 -25.9489100764
166.612326225 0.0 -26.1310344887
167.18743847 0.0 -26.313563384
167.771938272 0.0 -26.4666005077
168.348352313 0.0 -26.6504313249
168.924666013 0.0 -26.8346648298
169.510456807 0.0 -26.9893423125
170.088077399 0.0 -27.1748787551
170.665598575 0.0 -27.3608160854
171.252686336 0.0 -27.5171328249
171.831519509 0.0 -27.704374097
172.410254187 0.0 -27.8920144518
172.998644897 0.0 -28.0499693293
173.578696686 0.0 -28.2389146182
174.158650897 0.0 -28.4282571801
174.748350543 0.0 -28.5878490597
175.32962699 0.0 -28.778497536
175.910806773 0.0 -28.9695414708
176.501821345 0.0 -29.1307691998
177.084328499 0.0 -29.3231200176
177.666739898 0.0 -29.5158644746
178.259075394 0.0 -29.678726883
178.842819307 0.0 -29.8727791796
179.426468373 0.0 -30.0672232912
180.020130795 0.0 -30.2317191923
180.605117527 0.0 -30.4274720882
181.190010316 0.0 -30.6236149702
181.78500567 0.0 -30.7897431601
182.371241287 0.0 -30.987195759
182.957383862 0.0 -31.1850365102
183.553718159 0.0 -31.3527957678
184.141208734 0.0 -31.5519471567
184.728607162 0.0 -31.7514848592
185.326286421 0.0 -31.9208739464
185.91503803 0.0 -32.1217231952
186.503698385 0.0 -32.3229569143
187.102728627 0.0 -32.4939745756
187.692747353 0.0 -32.6965207374
188.282675717 0.0 -32.8994495214
188.883062968 0.0 -33.0720944844
189.474354901 0.0 -33.2763365953
190.065557357 0.0 -33.4809594754
190.66730765 0.0 -33.6552304503
191.259878886 0.0 -33.8611675295
191.852361526 0.0 -34.0674835201
192.455480897 0.0 -34.2433791997
193.049337535 0.0 -34.4510102493
193.643106457 0.0 -34.6590183478
194.247600947 0.0 -34.8365374077
194.842749094 0.0 -35.0458614128
195.4378104 0.0 -35.2555605993
196.043686056 0.0 -35.4347016978
196.640131824 0.0 -35.6457176262
197.236491623 0.0 -35.8571068639
197.843754495 0.0 -36.0378686418
198.441504002 0.0 -36.2505754444
199.039168408 0.0 -36.4636536793
199.647824552 0.0 -36.64603476
200.246883921 0.0 -36.8604313703
200.845859053 0.0 -37.0751975313
201.45591453 0.0 -37.2591965207
202.05628989 0.0 -37.4752818551
202.656581873 0.0 -37.6917348538
203.268042747 0.0 -37.8773503403
203.869740232 0.0 -38.095123298
204.471355198 0.0 -38.3132620287
205.084227538 0.0 -38.5004925833
205.687253288 0.0 -38.7199520461
206.290197372 0.0 -38.9397753858
206.904487254 0.0 -39.1286195618
207.508847414 0.0 -39.3497643941
208.113126758 0.0 -39.5712712026
208.728840258 0.0 -39.7617275357
209.33454098 0.0 -39.9845565848
209.94016173 0.0 -40.2077457044
210.557304933 0.0 -40.3998127127
211.164352371 0.0 -40.6243248082
211.77132068 0.0 -40.849195064
212.389899673 0.0 -41.0428712477
212.99829999 0.0 -41.269065202
213.606622016 0.0 -41.4956154014
214.22664289 0.0 -41.6908992433
214.836402252 0.0 -41.9187738511
215.446084157 0.0 -42.1470027842
216.067553009 0.0 -42.3438927493
216.678677588 0.0 -42.5734467878
217.28972554 0.0 -42.8033532271
217.912648471 0.0 -43.0018477625
218.525144444 0.0 -43.2330799915
219.137564617 0.0 -43.464662692
219.76194773 0.0 -43.6647602269
220.375821279 0.0 -43.8976693886
220.989619852 0.0 -44.1309270876
221.615469258 0.0 -44.3326260336
222.23072657 0.0 -44.5672108524
222.845909726 0.0 -44.8021422697
223.473231537 0.0 -45.0054410203
224.089878806 0.0 -45.241700203
224.706452733 0.0 -45.4783040406
225.335253066 0.0 -45.6832009715
225.953296489 0.0 -45.9211332073
226.571267382 0.0 -46.1594081497
227.201552358 0.0 -46.3659016185
227.820998138 0.0 -46.6055055788
228.440372195 0.0 -46.8454502926
229.072147941 0.0 -47.053538639
229.693002285 0.0 -47.2948129772
230.313785709 0.0 -47.5364261113
230.947058354 0.0 -47.746107657
231.569327475 0.0 -47.9890510091
232.191526475 0.0 -48.2323311945
232.826302153 0.0 -48.4436042431
233.449992268 0.0 -48.6882152268
234.073613058 0.0 -48.9331610767
234.709897905 0.0 -49.1460239137
235.335015237 0.0 -49.3923011292
235.960064036 0.0 -49.638911239
236.597864194 0.0 -49.8533621317
237.22441497 0.0 -50.1013041611
237.850898 0.0 -50.349577108
238.490219614 0.0 -50.5656143056
239.118210066 0.0 -50.815219713
239.746133555 0.0 -51.0651540567
240.386982775 0.0 -51.2827757902
241.016419139 0.0 -51.5340431217
241.645789321 0.0 -51.7856374034
242.288172299 0.0 -52.0048418855
242.919060817 0.0 -52.2577696693
243.549883927 0.0 -52.5110224126
244.19380682 0.0 -52.7318078378
244.826153738 0.0 -52.9863945839
245.45843602 0.0 -53.2413042939
246.103904988 0.0 -53.4636688384
246.737716557 0.0 -53.7199130387
247.371464257 0.0 -53.9764782028
248.018485464 0.0 -54.2004200244
248.653767939 0.0 -54.4583201526
249.288987308 0.0 -54.7165392399
249.937566921 0.0 -54.942056478
250.574326563 0.0 -55.2016109897
251.211023857 0.0 -55.4614824511
251.861168047 0.0 -55.6885732267
252.499411119 0.0 -55.9497805594
253.137592598 0.0 -56.2113028275
253.78930754 0.0 -56.4399652433
254.429040311 0.0 -56.702823816
255.06871224 0.0 -56.9659953053
255.722004113 0.0 -57.1962274454
256.363232856 0.0 -57.4607356589
257.004401504 0.0 -57.7255547655
257.659276488 0.0 -57.9573546954
258.302007482 0.0 -58.2235109324
258.944679122 0.0 -58.4899760341
259.601143403 0.0 -58.7233418009
260.245382928 0.0 -58.9911444253
260.889563839 0.0 -59.2592538816
261.547623605 0.0 -59.4941835139
262.193377948 0.0 -59.7636308715
262.839074411 0.0 -60.0333830235
263.498735853 0.0 -60.269874531
264.146011306 0.0 -60.540964949
264.793229607 0.0 -60.8123581193
265.45449892 0.0 -61.0504094933
266.103301777 0.0 -61.3231412806
266.752048207 0.0 -61.5961737734
267.41493159 0.0 -61.8357829863
268.065268149 0.0 -62.1101544333
268.715549002 0.0 -62.3848245343
269.380052656 0.0 -62.62598954
270.031929221 0.0 -62.9019989183
270.683750797 0.0 -63.1783048945
271.349880925 0.0 -63.4210236281
272.003303803 0.0 -63.698669191
272.656672404 0.0 -63.976609291
273.324435215 0.0 -64.2208796687
273.979410717 0.0 -64.5001596507
274.63433265 0.0 -64.7797321045
275.303734354 0.0 -65.0255520238
275.960268795 0.0 -65.3064646408
276.616750372 0.0 -65.5876676597
277.287797182 0.0 -65.8350349991
277.945896882 0.0 -66.1175784484
278.603944416 0.0 -66.400410225
279.27664255 0.0 -66.6493228443
279.936313831 0.0 -66.9334953044
280.595933642 0.0 -67.2179540125
281.270289318 0.0 -67.4684097526
281.931538508 0.0 -67.7542093832
282.592736918 0.0 -68.040293178
283.268756358 0.0 -68.2922898607
283.931589788 0.0 -68.5797148028
284.594373123 0.0 -68.8674218206
285.272062553 0.0 -69.1209572488
285.936486557 0.0 -69.4100056245
286.600861148 0.0 -69.6993339829
287.280226796 0.0 -69.9544059405
287.946247713 0.0 -70.2450758529
288.612219893 0.0 -70.5360236506
289.293267989 0.0 -70.7926299024
289.96089216 0.0 -71.084919436
290.628468268 0.0 -71.3774847527
291.311205046 0.0 -71.6356230444
291.980438817 0.0 -71.9295302647
292.649625194 0.0 -72.2237111612
293.334056889 0.0 -72.4833792195
294.00490661 0.0 -72.7789021728
294.675709599 0.0 -73.074696691
295.36184245 0.0 -73.3358922234
296.034314474 0.0 -73.6330289373
296.706740426 0.0 -73.9304351
297.394580673 0.0 -74.1931557947
298.068681356 0.0 -74.4919042776
298.742736621 0.0 -74.7909200888
299.43229051 0.0 -75.0551636149
300.108026212 0.0 -75.355521856
300.783717146 0.0 -75.6561453005
301.474990921 0.0 -75.9219093079
302.152368006 0.0 -76.2238752775
302.829700968 0.0 -76.5261043208
303.522700878 0.0 -76.7933864401
304.201725712 0.0 -77.0969580893
304.880707064 0.0 -77.400790678
305.57543936 0.0 -77.6695885203
306.256118313 0.0 -77.974763781
306.936754421 0.0 -78.2801978425
307.633225356 0.0 -78.5505089999
308.315564803 0.0 -78.8572857848
308.997862034 0.0 -79.1643192272
309.696077864 0.0 -79.4361412721
310.38008418 0.0 -79.7445174746
311.064048908 0.0 -80.0531481869
311.764015891 0.0 -80.3264786725
312.449695456 0.0 -80.6364521668
313.135334056 0.0 -80.9466780185
313.83705845 0.0 -81.2215144785
314.524417648 0.0 -81.5330831194
315.211736498 0.0 -81.8449019609
315.915224566 0.0 -82.1212419096
316.604269783 0.0 -82.4344035325
317.293275264 0.0 -82.7478131948
317.99853327 0.0 -83.0256541269
318.689270895 0.0 -83.340406548
319.379969393 0.0 -83.6554048426
320.087003603 0.0 -83.9347442333
320.779440029 0.0 -84.2510852493
321.47183793 0.0 -84.5676699684
322.180654613 0.0 -84.8485052733
322.874796234 0.0 -85.1664326614
323.56889993 0.0 -85.4846015777
324.279505355 0.0 -85.7669302329
324.975358571 0.0 -86.0864417508
325.671174454 0.0 -86.4061926177
326.383574893 0.0 -86.6900120395
327.081146104 0.0 -87.0111054255
327.778680572 0.0 -87.3324359766
328.492882298 0.0 -87.6177435618
329.192177909 0.0 -87.9404165345
329.89143736 0.0 -88.263324484
330.60744665 0.0 -88.5501176098
331.308473067 0.0 -88.8743678682
332.009463903 0.0 -89.1988509107
332.727287034 0.0 -89.4871269343
333.430050667 0.0 -89.812952158
334.132779293 0.0 -90.1390079685
334.852422544 0.0 -90.4287642274
335.556929805 0.0 -90.7561620761
336.261402629 0.0 -91.0837883099
336.98287228 0.0 -91.3750221221
337.689129584 0.0 -91.7039902359
338.395353016 0.0 -92.0331845287
339.118655349 0.0 -92.325893192
339.826669114 0.0 -92.6564291913
340.534649566 0.0 -92.987189159
341.259790866 0.0 -93.2813699517
341.969567512 0.0 -93.613471437
342.679311399 0.0 -93.9457946758
343.406297951 0.0 -94.241444856
344.1178439 0.0 -94.5751094083
344.829357641 0.0 -94.9089934945
345.558195732 0.0 -95.2061103007
346.27151741 0.0 -95.5413354809
346.984807424 0.0 -95.8767779711
347.715503341 0.0 -96.1753586216
348.430607175 0.0 -96.5121419709
349.145679886 0.0 -96.8491404018
349.878239919 0.0 -97.1491820951
350.59513234 0.0 -97.4875211347
351.311994171 0.0 -97.8260730232
352.046424612 0.0 -98.1275729377
352.765112051 0.0 -98.4674651689
353.48376943 0.0 -98.8075680119
354.22007657 0.0 -99.1105233061
354.940565463 0.0 -99.4519662102
355.66102482 0.0 -99.7936174847
356.399214953 0.0 -100.098025297
357.121511735 0.0 -100.441016335
357.843779502 0.0 -100.784213498
358.583858922 0.0 -101.090070947
359.307970033 0.0 -101.434607561
360.032052643 0.0 -101.779348049
360.774027646 0.0 -102.086652232
361.499959527 0.0 -102.432731843
362.225863417 0.0 -102.779013074
362.969740298 0.0 -103.087761069
363.697499393 0.0 -103.435381078
364.425231 0.0 -103.783200448
365.171016059 0.0 -104.093389314
365.900608812 0.0 -104.442547102
366.630174578 0.0 -104.791901988
367.377874112 0.0 -105.103528761
368.109306971 0.0 -105.45422169
368.840713336 0.0 -105.805109448
369.590333646 0.0 -106.118171146
370.32361306 0.0 -106.470396556
371.056866469 0.0 -106.822814523
371.808413854 0.0 -107.137308143
372.543546274 0.0 -107.491063355
373.278653173 0.0 -107.845008847
374.032133935 0.0 -108.160931366
374.769125814 0.0 -108.516213679
375.50609265 0.0 -108.871683992
376.261513091 0.0 -109.189032367
377.000370884 0.0 -109.545839062
377.739204107 0.0 -109.902831472
378.496570529 0.0 -110.221602638
379.237300692 0.0 -110.579930974
379.978006753 0.0 -110.938442736
380.73732546 0.0 -111.258633609
381.479934451 0.0 -111.618480826
382.222519804 0.0 -111.978509175
382.983797099 0.0 -112.30011665
383.728291379 0.0 -112.661479967
384.472762477 0.0 -113.023022117
385.236004665 0.0 -113.34604307
385.982390694 0.0 -113.708919685
386.728753994 0.0 -114.071972832
387.49396738 0.0 -114.396404116
388.242251622 0.0 -114.760791207
388.990513581 0.0 -115.125352524
389.757704471 0.0 -115.451190974
390.507893389 0.0 -115.817085699
391.258060466 0.0 -116.183152338
392.027235165 0.0 -116.510394767
392.779335227 0.0 -116.877794263
393.531413883 0.0 -117.245363358
394.302578697 0.0 -117.574006558
395.056596369 0.0 -117.942907942
395.810593066 0.0 -118.311976605
396.583754301 0.0 -118.642017349
397.339696052 0.0 -119.012417717
398.095617253 0.0 -119.38298304
398.870781217 0.0 -119.714418079
399.628653516 0.0 -120.086314505
400.386505685 0.0 -120.45837356
401.163678684 0.0 -120.791199625
401.923488003 0.0 -121.164589165
402.683277606 0.0 -121.538139001
403.462465947 0.0 -121.872352802
404.224218758 0.0 -122.247232491
404.985952263 0.0 -122.622270138
405.767162253 0.0 -122.957868365
406.530865029 0.0 -123.334235215
407.294548903 0.0 -123.710757683
408.077786849 0.0 -124.047737005
408.843446065 0.0 -124.425588008
409.609086777 0.0 -124.803592286
410.394358986 0.0 -125.14194935
411.161981118 0.0 -125.521281479
411.929585137 0.0 -125.900764534
412.716897917 0.0 -126.240495967
413.48648944 0.0 -126.621306174
414.256063239 0.0 -127.002264953
415.045422896 0.0 -127.343367362
415.816990289 0.0 -127.725652576
416.588540339 0.0 -128.108084005
417.379953178 0.0 -128.450553976
418.153502919 0.0 -128.834311107
418.927035693 0.0 -129.218212091
419.720508022 0.0 -129.562046188
420.49604659 0.0 -129.947272125
421.271568562 0.0 -130.332639548
422.067106687 0.0 -130.677834316
422.844640562 0.0 -131.064525925
423.622158205 0.0 -131.451356652
424.419768431 0.0 -131.797908613
425.199304094 0.0 -132.186062742
425.978823883 0.0 -132.574353615
426.778512517 0.0 -132.92225927
427.560056448 0.0 -133.311872745
428.34158486 0.0 -133.701620586
429.143358205 0.0 -134.050876416
429.926916887 0.0 -134.441946042
430.710460398 0.0 -134.833147651
431.514324759 0.0 -135.183750117
432.299904674 0.0 -135.576272677
433.08546976 0.0 -135.968924833
433.891431441 0.0 -136.320870373
434.679039072 0.0 -136.714842631
435.466632211 0.0 -137.108942094
436.274697515 0.0 -137.462227126
437.064339346 0.0 -137.857645822
437.853967015 0.0 -138.253189328
438.664142243 0.0 -138.607810249
439.455824758 0.0 -139.004672104
440.247493436 0.0 -139.401656371
441.059784891 0.0 -139.757609556
441.853514573 0.0 -140.15591127
442.647230738 0.0 -140.554332992
443.461644721 0.0 -140.911614796
444.257428055 0.0 -141.311353046
445.053198185 0.0 -141.711208898
445.869740996 0.0 -142.069815654
446.667584466 0.0 -142.470987097
447.465415041 0.0 -142.872273732
448.284092979 0.0 -143.232201751
449.084003071 0.0 -143.634803024
449.88390057 0.0 -144.037517073
450.704719932 0.0 -144.398762647
451.506703131 0.0 -144.802790364
452.308674032 0.0 -145.206928437
453.131641116 0.0 -145.569487835
453.935703907 0.0 -145.974938589
454.73975469 0.0 -146.380497276
455.564875792 0.0 -146.744366747
456.371024659 0.0 -147.151237109
457.177161804 0.0 -147.558212978
458.004443219 0.0 -147.923388748
458.812684648 0.0 -148.331675269
459.620914633 0.0 -148.740064866
460.450362655 0.0 -149.106543141
461.26070313 0.0 -149.51624235
462.071032434 0.0 -149.9260422
462.902653356 0.0 -150.293819164
463.715099362 0.0 -150.70492757
464.527534465 0.0 -151.116134176
465.361334577 0.0 -151.485205993
466.175892599 0.0 -151.897720081
466.990439979 0.0 -152.310329926
467.826425572 0.0 -152.680692736
468.643102094 0.0 -153.094608971
469.459768228 0.0 -153.508618516
470.29794559 0.0 -153.88026844
471.116747097 0.0 -154.295583265
471.935538464 0.0 -154.710988949
472.775913882 0.0 -155.083922086
473.596846856 0.0 -155.500631922
474.417769935 0.0 -155.917430163
475.260349694 0.0 -156.291642589
476.083420619 0.0 -156.709743838
476.906481886 0.0 -157.127931032
477.75127227 0.0 -157.503418803
478.576487629 0.0 -157.922907843
479.40169356 0.0 -158.342480365
480.248700852 0.0 -158.719239515
481.076067127 0.0 -159.140112703
481.903424199 0.0 -159.561066905
482.752654679 0.0 -159.939093447
483.582178351 0.0 -160.361347118
484.411693039 0.0 -160.783679332
485.263152986 0.0 -161.162969257
486.094840536 0.0 -161.586599724
486.926519316 0.0 -162.010306261
487.780215006 0.0 -162.390855537
488.614072914 0.0 -162.815859094
489.44792226 0.0 -163.240936241
490.303859969 0.0 -163.622740816
491.139894715 0.0 -164.049113732
491.975921099 0.0 -164.475557755
492.8341071 0.0 -164.858613556
493.672325163 0.0 -165.28635208
494.510535058 0.0 -165.714159225
495.370975621 0.0 -166.098462155
496.211383478 0.0 -166.527562513
497.051783356 0.0 -166.956729002
497.914484752 0.0 -167.342274945
498.75708888 0.0 -167.772733343
499.599685212 0.0 -168.203255377
500.464653706 0.0 -168.590040193
501.309460581 0.0 -169.021852814
502.154259836 0.0 -169.453726572
503.021501694 0.0 -169.841746101
503.868517791 0.0 -170.274909105
504.715526436 0.0 -170.708130746
505.585047922 0.0 -171.097380804
506.434279713 0.0 -171.531890332
507.283504218 0.0 -171.96645599
508.15531159 0.0 -172.356932374
509.006765549 0.0 -172.792784542
509.858212379 0.0 -173.228690331
510.732311896 0.0 -173.620388814
511.585994494 0.0 -174.057579719
512.439670114 0.0 -174.494821731
513.316068031 0.0 -174.887738065
514.171985738 0.0 -175.326263779
515.027896611 0.0 -175.764838084
515.906599182 0.0 -176.158967999
516.764758466 0.0 -176.598824575
517.622911056 0.0 -177.03872722
518.50392453 0.0 -177.434066424
519.364331859 0.0 -177.875249891
520.224732626 0.0 -178.316476903
521.108063252 0.0 -178.713021082
521.970725091 0.0 -179.155527448
522.833380495 0.0 -179.598074829
523.719034518 0.0 -179.995819648
524.583957332 0.0 -180.439644898
525.448873829 0.0 -180.883508631
526.336857493 0.0 -181.282449732
527.204047744 0.0 -181.727589829
528.071231792 0.0 -182.172765874
528.961551335 0.0 -182.572898876
529.831015484 0.0 -183.019349762
530.700473537 0.0 -183.465834056
531.593135198 0.0 -183.867154559
532.464879704 0.0 -184.314912152
533.336618215 0.0 -184.762700611
534.231628227 0.0 -185.16520419
535.105659548 0.0 -185.614264388
535.979684968 0.0 -186.063352904
536.877049562 0.0 -186.467035114
537.753374154 0.0 -186.917393792
538.629692933 0.0 -187.367778236
539.529418337 0.0 -187.772634609
540.408042654 0.0 -188.224287619
541.286661239 0.0 -188.675963841
542.188753678 0.0 -189.081989886
543.069684171 0.0 -189.534933058
543.950609008 0.0 -189.987896885
544.855074705 0.0 -190.39508809
545.738317825 0.0 -190.849317233
546.621555356 0.0 -191.303564468
547.52840053 0.0 -191.7119163
548.413962723 0.0 -192.167427198
549.29951939 0.0 -192.622953623
550.208750256 0.0 -193.032461525
551.09663797 0.0 -193.489249943
551.984520213 0.0 -193.946051318
552.896142983 0.0 -194.356710712
553.78636266 0.0 -194.81477239
554.676576915 0.0 -195.272844452
555.590597799 0.0 -195.684650736
556.483155881 0.0 -196.143981394
557.375708583 0.0 -196.603319859
558.292133785 0.0 -197.01626841
559.187036712 0.0 -197.476863742
560.081934293 0.0 -197.937464303
561.000770016 0.0 -198.351550476
561.898024223 0.0 -198.813406158
562.795273114 0.0 -199.275264484
563.716525557 0.0 -199.690483612
564.616137478 0.0 -200.153595293
565.515744107 0.0 -200.616707033
566.439419463 0.0 -201.033054425
567.341395532 0.0 -201.497417736
568.243366323 0.0 -201.961778514
569.169470784 0.0 -202.379249459
570.073817428 0.0 -202.844860006
570.978158804 0.0 -203.310465425
571.906698558 0.0 -203.729055188
572.813422205 0.0 -204.195908555
573.720140586 0.0 -204.662754196
574.651121816 0.0 -205.082458019
575.560228889 0.0 -205.550549767
576.469330692 0.0 -206.018631188
577.402759578 0.0 -206.439444293
578.314256499 0.0 -206.908769961
579.225748139 0.0 -207.378082697
580.161630856 0.0 -207.800000282
581.075524043 0.0 -208.270555386
581.989411932 0.0 -208.741094949
582.927754651 0.0 -209.16411219
583.844050521 0.0 -209.635892223
584.760341067 0.0 -210.107654104
585.701149957 0.0 -210.531766155
586.619854921 0.0 -211.004766589
587.538554531 0.0 -211.477746255
588.481835756 0.0 -211.902948245
589.402956224 0.0 -212.377164528
590.3240713 0.0 -212.851357425
591.269831018 0.0 -213.277644464
592.193373397 0.0 -213.753072021
593.11691034 0.0 -214.22847357
594.065154707 0.0 -214.655840744
594.9911254 0.0 -215.132474979
595.917090606 0.0 -215.609080579
596.867825773 0.0 -216.037522952
597.796231181 0.0 -216.515359244
598.724631043 0.0 -216.993164273
599.677863156 0.0 -217.422676885
600.608709677 0.0 -217.901710592
601.539550585 0.0 -218.380710403
602.495285787 0.0 -218.811288273
603.428579813 0.0 -219.291514729
604.361868156 0.0 -219.771704654
605.320112583 0.0 -220.203342778
606.255860506 0.0 -220.684757296
607.191602666 0.0 -221.166132643
608.152362452 0.0 -221.598825993
609.090570659 0.0 -222.081423862
610.028773017 0.0 -222.563979917
610.992054289 0.0 -222.997723444
611.932729163 0.0 -223.48149993
612.873398096 0.0 -223.965231955
613.839206978 0.0 -224.400020588
614.782354901 0.0 -224.884970934
615.725496781 0.0 -225.36987417
616.693839393 0.0 -225.805702814
617.639466739 0.0 -226.29182224
618.585087937 0.0 -226.777891904
619.555970391 0.0 -227.214755441
620.504083535 0.0 -227.702039145
621.452190416 0.0 -228.189270431
622.425618822 0.0 -228.627163721
623.376224132 0.0 -229.115606878
624.326823059 0.0 -229.603994957
625.302803521 0.0 -230.042912839
626.255907362 0.0 -230.5325106
627.209004693 0.0 -231.022050621
628.187543311 0.0 -231.461987908
629.143152045 0.0 -231.952735402
630.098754133 0.0 -232.44342249
631.079857 0.0 -232.884373973
632.037976985 0.0 -233.376266306
632.996090182 0.0 -233.868095564
633.979763388 0.0 -234.310056014
634.940400976 0.0 -234.803088268
635.901031628 0.0 -235.296054775
636.887281256 0.0 -235.739018937
637.850442797 0.0 -236.233186173
638.813597247 0.0 -236.727284984
639.802429375 0.0 -237.171247583
640.768121216 0.0 -237.666544836
641.733805801 0.0 -238.161770986
642.725226502 0.0 -238.606726721
643.693454983 0.0 -239.103149006
644.661676039 0.0 -239.599497505
645.65569138 0.0 -240.045441055
646.626462838 0.0 -240.542983361
647.597226693 0.0 -241.040449197
648.593842737 0.0 -241.487375216
649.567163505 0.0 -241.986032511
650.540476485 0.0 -242.484610647
651.539699289 0.0 -242.932513768
652.515575694 0.0 -243.432280996
653.491444121 0.0 -243.931966374
654.493279735 0.0 -244.380841205
655.471718102 0.0 -244.881713288
656.450148291 0.0 -245.382500825
657.454602761 0.0 -245.832341954
658.435609409 0.0 -246.334313788
659.416607673 0.0 -246.836198379
660.423687038 0.0 -247.287000369
661.407268281 0.0 -247.79006683
662.390840928 0.0 -248.293043346
663.400551221 0.0 -248.744800737
664.386713371 0.0 -249.248956676
665.372866703 0.0 -249.753019967
666.385213953 0.0 -250.205727277
667.373963313 0.0 -250.710967522
668.362703629 0.0 -251.216112412
669.377693856 0.0 -251.669764135
670.369036729 0.0 -252.176083492
671.360370321 0.0 -252.682304782
672.378009543 0.0 -253.13689539
673.371952223 0.0 -253.64428864
674.36588538 0.0 -254.15158111
675.386179605 0.0 -254.607105052
676.382728384 0.0 -255.115566953
677.379267389 0.0 -255.623925357
678.402222622 0.0 -256.080377059
679.401383785 0.0 -256.589902346
680.400534918 0.0 -257.099321418
681.426157155 0.0 -257.556695281
682.427936983 0.0 -258.067278667
683.429706516 0.0 -258.577753114
684.45800175 0.0 -259.036043519
685.462406518 0.0 -259.547679691
686.46680072 0.0 -260.059204199
687.497774934 0.0 -260.518405502
688.504810913 0.0 -261.031089126
689.511836048 0.0 -261.543658357
690.54549522 0.0 -262.003764891
691.555168676 0.0 -262.517490608
692.564831001 0.0 -263.031099201
693.601181104 0.0 -263.492105278
694.613498296 0.0 -264.006867706
695.625804063 0.0 -264.521510275
696.664851062 0.0 -264.983410181
697.679818245 0.0 -265.499203916
698.694773702 0.0 -266.014875054
699.736523555 0.0 -266.477663054
700.754146979 0.0 -266.994482666
701.771758367 0.0 -267.511176941
702.816217026 0.0 -267.974847275
703.836502934 0.0 -268.492687313
704.85677649 0.0 -269.010399271
705.9039499 0.0 -269.474946157
706.92690453 0.0 -269.993801145
707.949846484 0.0 -270.512525306
708.999740584 0.0 -270.97794294
710.025370168 0.0 -271.497807378
711.050986745 0.0 -272.017538241
712.103607466 0.0 -272.483820794
713.131918231 0.0 -273.004689161
714.16021565 0.0 -273.5254212
715.215568917 0.0 -273.992562819
716.246567084 0.0 -274.514429569
717.277551559 0.0 -275.036157236
718.335643288 0.0 -275.504152047
719.369335072 0.0 -276.027011609
720.40301281 0.0 -276.549729331
721.463848912 0.0 -277.018571437
722.500240523 0.0 -277.542418219
723.536617725 0.0 -278.066120399
724.600204104 0.0 -278.535803878
725.639301743 0.0 -279.060632263
726.678384606 0.0 -279.585313283
727.744727156 0.0 -280.05583219
728.786537022 0.0 -280.581636537
729.828331735 0.0 -281.107290753
730.897436345 0.0 -281.578639122
731.941964629 0.0 -282.105413767
732.986477374 0.0 -282.632035512
734.058349926 0.0 -283.104207351
735.105602812 0.0 -283.631946607
736.152839767 0.0 -284.159530191
737.227486134 0.0 -284.632519486
738.277469801 0.0 -285.161217641
739.327437137 0.0 -285.689757351
740.404863185 0.0 -286.163558064
741.457583804 0.0 -286.693209383
742.510287686 0.0 -287.22269948
743.590499274 0.0 -287.697305551
744.645963012 0.0 -288.227904276
745.701409596 0.0 -288.758338999
746.784412575 0.0 -289.233744343
747.842625591 0.0 -289.765284693
748.90082103 0.0 -290.296658257
749.986621243 0.0 -290.772856766
751.047589689 0.0 -291.305332934
752.108540128 0.0 -291.83763953
753.19714341 0.0 -292.314625075
754.260873433 0.0 -292.84803123
755.32458501 0.0 -293.381265027
756.415997188 0.0 -293.859031453
757.482494927 0.0 -294.393361743
758.548973774 0.0 -294.927516883
759.643200668 0.0 -295.406058013
760.712472256 0.0 -295.94130656
761.781724498 0.0 -296.476377165
762.878771919 0.0 -296.955686797
763.950823481 0.0 -297.491847701
765.022855236 0.0 -298.027827867
766.122728988 0.0 -298.507899777
767.197566644 0.0 -299.044967113
768.272384022 0.0 -299.581850912
769.3750899 0.0 -300.062678853
770.452719761 0.0 -300.600646672
771.530328868 0.0 -301.138428153
772.635872658 0.0 -301.620005855
773.716300829 0.0 -302.158868184
774.796707761 0.0 -302.697541373
775.905095242 0.0 -303.17986254
776.988327822 0.0 -303.719613384
778.071538669 0.0 -304.259172281
779.182775612 0.0 -304.742230596
780.268818691 0.0 -305.282863935
781.354839535 0.0 -305.823302518
782.468931701 0.0 -306.307091639
783.557791363 0.0 -306.848601429
784.64662828 0.0 -307.389913652
785.763581423 0.0 -307.874427215
786.855263742 0.0 -308.416807388
787.946922802 0.0 -308.95898718
789.066742666 0.0 -309.444218797
790.161253712 0.0 -309.987463262
791.255740973 0.0 -310.530504529
792.378433294 0.0 -311.016447788
793.475779129 0.0 -311.560550428
794.573100645 0.0 -312.104447053
795.698671151 0.0 -312.591095519
796.798857828 0.0 -313.136050197
797.899019645 0.0 -313.680796037
799.027474054 0.0 -314.168143251
800.130507618 0.0 -314.713943802
801.233515775 0.0 -315.259532692
802.364859796 0.0 -315.747572173
803.470746287 0.0 -316.29421241
804.576606813 0.0 -316.840638161
805.710846147 0.0 -317.329363402
806.819591595 0.0 -317.876837114
807.928310513 0.0 -318.424093511
809.065450851 0.0 -318.913497984
810.177061279 0.0 -319.461798936
811.288644604 0.0 -320.009879743
812.428691629 0.0 -320.499956895
813.543173051 0.0 -321.049078828
814.65762679 0.0 -321.597977782
815.800586176 0.0 -322.088721038
816.9179446 0.0 -322.638657668
818.035274751 0.0 -323.188368484
819.181152161 0.0 -323.679771243
820.301393585 0.0 -324.230516264
821.42160614 0.0 -324.781032634
822.570407229 0.0 -325.273088273
823.693537644 0.0 -325.824635354
824.816638585 0.0 -326.375950943
825.968368998 0.0 -326.868652816
827.094394388 0.0 -327.420995601
828.220389688 0.0 -327.973104052
829.375055062 0.0 -328.466445489
830.5039814 0.0 -329.019577599
831.632877027 0.0 -329.57247253
832.790482987 0.0 -330.066446837
833.922316239 0.0 -330.620361869
835.05411815 0.0 -331.174036876
836.214670314 0.0 -331.668637335
837.349416437 0.0 -332.223328863
838.484130583 0.0 -332.777777515
839.647634556 0.0 -333.272997386
840.785299501 0.0 -333.828458957
841.922931821 0.0 -334.383674802
843.089393202 0.0 -334.879507319
844.229982907 0.0 -335.435732459
845.370539334 0.0 -335.991709018
846.53996371 0.0 -336.488147394
847.683484109 0.0 -337.045129603
848.826970567 0.0 -337.601860376
849.999363515 0.0 -338.098897799
851.14582053 0.0 -338.656630553
852.292242933 0.0 -339.214109014
853.467610021 0.0 -339.711738648
854.617009568 0.0 -340.2702154
855.766373823 0.0 -340.828434999
856.944720608 0.0 -341.326649986
858.097068591 0.0 -341.885864164
859.249380595 0.0 -342.444818326
860.430712624 0.0 -342.943611784
861.586014941 0.0 -343.503556792
862.741280582 0.0 -344.063238921
863.925603393 0.0 -344.562603943
865.083865931 0.0 -345.123273161
866.242091089 0.0 -345.683676633
867.429410208 0.0 -346.18360629
868.590638845 0.0 -346.744993074
869.75182939 0.0 -347.306111244
870.942150334 0.0 -347.806598582
872.10635094 0.0 -348.368696264
873.270512734 0.0 -348.930522461
874.463841008 0.0 -349.431560503
875.631019443 0.0 -349.99436239
876.798158337 0.0 -350.556889921
877.994499438 0.0 -351.058471665
879.164661553 0.0 -351.621971042
880.334783389 0.0 -352.185193186
881.534142801 0.0 -352.68731161
882.707294438 0.0 -353.251501734
883.88040505 0.0 -353.81541175
885.082788247 0.0 -354.318059805
886.258935238 0.0 -354.882933912
887.435040449 0.0 -355.447525033
888.640452896 0.0 -355.950695647
889.819601063 0.0 -356.516246948
890.998706687 0.0 -357.081512382
892.207153836 0.0 -357.58519846
893.389308992 0.0 -358.151420142
894.571420835 0.0 -358.717353074
895.782908126 0.0 -359.221547496
896.968076076 0.0 -359.788432722
898.153199931 0.0 -360.355026312
899.367732797 0.0 -360.859721937
900.555919333 0.0 -361.427263843
901.744060987 0.0 -361.994511229
902.961644846 0.0 -362.49970089
904.152855752 0.0 -363.067892591
905.344020979 0.0 -363.635786884
906.564661242 0.0 -364.141463391
907.758902291 0.0 -364.710297977
908.953096857 0.0 -365.278832265
910.17679892 0.0 -365.784988404
911.374075877 0.0 -366.354458941
912.571305537 0.0 -366.923626287
913.798074787 0.0 -367.430254821
914.998393406 0.0 -368.00035435
916.198663905 0.0 -368.570147794
917.428505716 0.0 -369.077241462
918.63187174 0.0 -369.647962999
919.835188814 0.0 -370.218375557
921.068108549 0.0 -370.725927074
922.274527712 0.0 -371.297263612
923.480897086 0.0 -371.868288274
924.716900098 0.0 -372.376290332
925.926378123 0.0 -372.94823484
927.13580551 0.0 -373.519864573
928.37489714 0.0 -374.028309839
929.58743974 0.0 -374.600855261
930.799930846 0.0 -375.173083007
932.042116421 0.0 -375.681964127
933.257729299 0.0 -376.255103383
934.473289816 0.0 -376.82792206
935.718574655 0.0 -377.337231653
936.937263502 0.0 -377.910957639
938.155899115 0.0 -378.484360141
939.404288522 0.0 -378.994090804
940.62605902 0.0 -379.568396391
941.8477754 0.0 -380.142375589
943.099274669 0.0 -380.652519894
944.324132488 0.0 -381.227397929
945.548935299 0.0 -381.801946667
946.80354971 0.0 -382.312497165
948.031500511 0.0 -382.88794047
949.259395403 0.0 -383.46305157
950.517130227 0.0 -383.974000787
951.748179658 0.0 -384.550002161
952.979172271 0.0 -385.125668419
954.240032765 0.0 -385.637008855
955.474186465 0.0 -386.213561073
956.708282429 0.0 -386.789775261
957.972273838 0.0 -387.301499396
959.209537433 0.0 -387.878595206
960.446742368 0.0 -388.455350074
961.713869924 0.0 -388.967450362
962.954249031 0.0 -389.545082491
964.194568543 0.0 -390.122370761
965.464837467 0.0 -390.634839633
966.708337692 0.0 -391.213000781
967.951777376 0.0 -391.790815154
969.225192877 0.0 -392.303645016
970.471819812 0.0 -392.88232786
971.718385256 0.0 -393.460661011
972.994952527 0.0 -393.973844248
974.244711757 0.0 -394.553041441
975.494408533 0.0 -395.13188602
976.774132759 0.0 -395.645414991
978.027029853 0.0 -396.22511916
979.279863524 0.0 -396.804467795
980.562749875 0.0 -397.318334836
981.818790394 0.0 -397.898538586
983.07476651 0.0 -398.478383878
984.360820143 0.0 -398.992581301
985.620009635 0.0 -399.573277211
986.879133736 0.0 -400.153611738
988.168359797 0.0 -400.668131833
989.430703798 0.0 -401.249312458
990.692981413 0.0 -401.830128774
991.985385032 0.0 -402.344963804
993.250889068 0.0 -402.926621675
994.516325711 0.0 -403.50791231
995.811912009 0.0 -404.023054517
997.080581593 0.0 -404.60518214
998.34918277 0.0 -405.186939598
999.64795685 0.0 -405.702381199
1000.91979748 0.0 -406.284971056
1002.19156869 0.0 -406.867187818
1003.49353564 0.0 -407.382921008
1004.76855282 0.0 -407.965965556
1006.04349953 0.0 -408.548634079
1007.34866444 0.0 -409.064651026
1008.62686363 0.0 -409.6481427
1009.90499131 0.0 -410.231255415
1011.21335925 0.0 -410.747548267
1012.49474592 0.0 -411.331479474
1013.77606003 0.0 -411.915028789
1015.08763604 0.0 -412.431589668
1016.37221565 0.0 -413.015952794
1017.65672164 0.0 -413.599931091
1018.97151077 0.0 -414.116752097
1020.25928875 0.0 -414.701539501
1021.54699205 0.0 -415.28593914
1022.86499931 0.0 -415.803012347
1024.1559811 0.0 -416.388216366
1025.44688713 0.0 -416.973029682
1026.76811755 0.0 -417.490347142
1028.06230856 0.0 -418.075960085
1029.35642272 0.0 -418.661179388
1030.68088129 0.0 -419.178733129
1031.97828692 0.0 -419.764747286
1033.27561461 0.0 -420.350364861
1034.60330632 0.0 -420.868146887
1035.90393197 0.0 -421.454554519
1037.20447857 0.0 -422.040562628
1038.53540839 0.0 -422.558564919
1039.83925943 0.0 -423.145358265
1041.14303032 0.0 -423.731749145
1042.4772032 0.0 -424.249963659
1043.784285 0.0 -424.837134932
1045.09128553 0.0 -425.423900796
1046.42870641 0.0 -425.942319466
1047.73902434 0.0 -426.529860855
1049.04925985 0.0 -427.116993892
1050.38993367 0.0 -427.635608627
1051.70349305 0.0 -428.223512298
1053.01696887 0.0 -428.811004671
1054.36090054 0.0 -429.329807357
1055.6777067 0.0 -429.918065452
1056.99442816 0.0 -430.5059093
1058.34162258 0.0 -431.0248918
1059.66168084 0.0 -431.613496433
1060.98165323 0.0 -432.201683873
1062.33211529 0.0 -432.720838024
1063.65543095 0.0 -433.309781289
1064.97865958 0.0 -433.898304411
1066.33239415 0.0 -434.417622029
1067.65897249 0.0 -435.006895992
1068.98546263 0.0 -435.595746863
1070.34247456 0.0 -436.115219739
1071.67232087 0.0 -436.704816444
1073.00207778 0.0 -437.293987106
1074.36237193 0.0 -437.813607007
1075.69549146 0.0 -438.403518473
1077.02852039 0.0 -438.993000945
1078.39210158 0.0 -439.512759615
1079.72849958 0.0 -440.102977837
1081.06480578 0.0 -440.692764111
1082.43167882 0.0 -441.212653271
1083.77136053 0.0 -441.803170218
1085.11094922 0.0 -442.393252264
1086.48111891 0.0 -442.91326361
1087.82408955 0.0 -443.504071228
1089.16696594 0.0 -444.094440991
1090.54043707 0.0 -444.614566197
1091.88670184 0.0 -445.205656408
1093.23287114 0.0 -445.796305808
1094.60964846 0.0 -446.316536523
1095.95921256 0.0 -446.907901223
1097.30867994 0.0 -447.498822156
1098.68876822 0.0 -448.019150006
1100.04163683 0.0 -448.610781068
1101.39440747 0.0 -449.201965407
1102.77781145 0.0 -449.722381994
1104.13398973 0.0 -450.314271267
1105.49006878 0.0 -450.905710858
1106.87679318 0.0 -451.426207761
1108.23628628 0.0 -452.018347068
1109.59567889 0.0 -452.610033736
1110.98572841 0.0 -453.130602509
1112.34854148 0.0 -453.72298365
1113.71125278 0.0 -454.314909193
1115.10463212 0.0 -454.835541368
1116.47077027 0.0 -455.428156119
1117.83680536 0.0 -456.02031231
1119.2335192 0.0 -456.540999396
1120.60298755 0.0 -457.133839507
1121.97235154 0.0 -457.726218098
1123.37240454 0.0 -458.246951578
1124.74520818 0.0 -458.840008775
1126.11790616 0.0 -459.432601492
1127.52130296 0.0 -459.953372828
1128.89744698 0.0 -460.546638814
1130.273484 0.0 -461.139437357
1131.68022924 0.0 -461.660237986
1133.0597187 0.0 -462.253704438
1134.43909984 0.0 -462.846700486
1135.84919813 0.0 -463.367521821
1137.23203807 0.0 -463.961180394
1138.61476836 0.0 -464.554365598
1140.0282243 0.0 -465.07519903
1141.41441977 0.0 -465.669041352
1142.80050424 0.0 -466.262407342
1144.21732241 0.0 -466.783244237
1145.60687843 0.0 -467.377261913
1146.9963221 0.0 -467.970800293
1148.41650707 0.0 -468.491631995
1149.80942864 0.0 -469.085816606
1151.2022365 0.0 -469.679518956
1152.62579282 0.0 -470.200336784
1154.02208494 0.0 -470.794679886
1155.41826198 0.0 -471.388537761
1156.84519418 0.0 -471.909333012
1158.24486183 0.0 -472.503826137
1159.64441301 0.0 -473.097831069
1161.07472562 0.0 -473.618595015
1162.47777375 0.0 -474.21322967
1163.88070403 0.0 -474.807373167
1165.31440154 0.0 -475.328097058
1166.72083511 0.0 -475.922864727
1168.12714942 0.0 -476.517138271
1169.56423632 0.0 -477.037813331
1170.97406026 0.0 -477.632705473
1172.38376352 0.0 -478.227100523
1173.82424428 0.0 -478.747717956
1175.2374635 0.0 -479.342726005
1176.65056063 0.0 -479.937233995
1178.0944397 0.0 -480.45778498
1179.51105911 0.0 -481.052900347
1180.92755499 0.0 -481.647512688
1182.37483681 0.0 -482.167988379
1183.79486129 0.0 -482.763202451
1185.21476081 0.0 -483.357910527
1186.66544979 0.0 -483.878302057
1188.08888421 0.0 -484.473606195
1189.51219222 0.0 -485.06840137
1190.96629277 0.0 -485.588699847
1192.39314199 0.0 -486.184085389
1193.81986333 0.0 -486.778958999
1195.27737983 0.0 -487.299155509
1196.70764869 0.0 -487.894613769
1198.1377882 0.0 -488.489557126
1199.59872502 0.0 -489.009642732
1201.03241833 0.0 -489.605164998
1202.46598082 0.0 -490.200169392
1203.93034232 0.0 -490.720135131
1205.3674649 0.0 -491.315712668
1206.80445516 0.0 -491.910769365
1208.27224566 0.0 -492.430606252
1209.7128023 0.0 -493.026230302
1211.15322512 0.0 -493.621330541
1212.62444895 0.0 -494.141029569
1214.06844441 0.0 -494.736691347
1215.51230456 0.0 -495.331826345
1216.98696601 0.0 -495.851378481
1218.43440507 0.0 -496.44706918
1219.88170729 0.0 -497.04223013
1221.35981063 0.0 -497.561626319
1222.81069803 0.0 -498.157337108
1224.26144706 0.0 -498.752515176
1225.74299657 0.0 -499.271746342
1227.19733702 0.0 -499.867468363
1228.65153757 0.0 -500.462654694
1230.1365375 0.0 -500.981711734
1231.59433572 0.0 -501.577436108
1233.0519925 0.0 -502.172621822
1234.54044707 0.0 -502.691495611
1236.00170776 0.0 -503.287213434
1237.46282544 0.0 -503.882389626
1238.95473886 0.0 -504.401071016
1240.41946669 0.0 -504.996773359
1241.88404994 0.0 -505.5919311
1243.37942641 0.0 -506.110410921
1244.84762604 0.0 -506.70608883
1246.31567952 0.0 -507.301219168
1247.81452321 0.0 -507.819488225
1249.28619929 0.0 -508.415132725
1250.75772763 0.0 -509.010226682
1252.2600427 0.0 -509.528275757
1253.73519984 0.0 -510.123877846
1255.21020766 0.0 -510.718926423
1256.71599825 0.0 -511.236746275
1258.19464107 0.0 -511.832296927
1259.67313296 0.0 -512.427291098
1261.18240319 0.0 -512.944872463
1262.66453629 0.0 -513.54036263
1264.14651684 0.0 -514.135293345
1265.65927081 0.0 -514.652626937
1267.14489876 0.0 -515.248047545
1268.63037253 0.0 -515.842905732
1270.14661433 0.0 -516.359982238
1271.63574168 0.0 -516.955324191
1273.12471323 0.0 -517.550100752
1274.64444692 0.0 -518.06691084
1276.13707822 0.0 -518.662165015
1277.62955207 0.0 -519.256850829
1279.1527817 0.0 -519.773385142
1280.64892148 0.0 -520.368542394
1282.14490214 0.0 -520.963128315
1283.67163174 0.0 -521.479377474
1285.1712845 0.0 -522.074428633
1286.67077648 0.0 -522.668905492
1288.20101006 0.0 -523.184860094
1289.70418029 0.0 -523.779795966
1291.20718806 0.0 -524.37415457
1292.74092961 0.0 -524.889805188
1294.24762178 0.0 -525.484616556
1295.75414981 0.0 -526.078847687
1297.2914033 0.0 -526.594184873
1298.80162186 0.0 -527.188862495
1300.31167459 0.0 -527.782956912
1301.85244397 0.0 -528.297971193
1303.36619336 0.0 -528.892505803
1304.87977521 0.0 -529.486454241
1306.42406443 0.0 -530.001136122
1307.94134907 0.0 -530.595518431
1309.45846445 0.0 -531.1893116
1311.00627742 0.0 -531.703651563
1312.5271017 0.0 -532.297872257
1314.04775501 0.0 -532.891500844
1315.59909561 0.0 -533.405489348
1317.12346393 0.0 -533.99953909
1318.64765953 0.0 -534.592993757
1320.20253166 0.0 -535.106621239
1321.73044836 0.0 -535.700490666
1323.25819062 0.0 -536.293762053
1324.81659812 0.0 -536.807018924
1326.34806756 0.0 -537.400698652
1327.8793608 0.0 -537.993777373
1329.44130751 0.0 -538.506654024
1330.97633403 0.0 -539.100134643
1332.51118257 0.0 -539.693011289
1334.07667231 0.0 -540.205498088
1335.6152602 0.0 -540.798770164
1337.15366835 0.0 -541.391435303
1338.72270492 0.0 -541.903522593
1340.26485848 0.0 -542.496576669
1341.8068305 0.0 -543.089020845
1343.37941769 0.0 -543.600698948
1344.92514118 0.0 -544.193525543
1346.47068135 0.0 -544.785739274
1348.04682291 0.0 -545.296998488
1349.59612059 0.0 -545.889588097
1351.14523315 0.0 -546.481561879
1352.72493281 0.0 -546.99239248
1354.27780893 0.0 -547.584735575
1355.8304981 0.0 -548.17645988
1357.41375959 0.0 -548.686852121
1358.97021834 0.0 -549.278939148
1360.52648833 0.0 -549.870404424
1362.11331535 0.0 -550.380348535
1363.67336094 0.0 -550.972169918
1365.23321594 0.0 -551.56336659
1366.82361216 0.0 -552.072852778
1368.38724877 0.0 -552.664398917
1369.95069294 0.0 -553.255317384
1371.54466203 0.0 -553.764335834
1373.11189382 0.0 -554.355597105
1374.67893131 0.0 -554.946227745
1376.2764769 0.0 -555.454768618
1377.84730801 0.0 -556.045735374
1379.41794295 0.0 -556.636068539
1381.01906866 0.0 -557.144121974
1382.59350321 0.0 -557.734784543
1384.16773971 0.0 -558.324810562
1385.77244914 0.0 -558.832366677
1387.35049122 0.0 -559.422715363
1388.92833338 0.0 -560.012424543
1390.53663011 0.0 -560.51947343
1392.11828381 0.0 -561.109498515
1393.69973569 0.0 -561.698881137
1395.31162327 0.0 -562.205412868
1396.89689266 0.0 -562.795104608
1398.48195832 0.0 -563.38415093
1400.09744028 0.0 -563.890155554
1401.6863294 0.0 -564.479504184
1403.27501287 0.0 -565.068204441
1404.89409274 0.0 -565.573671983
1406.4866056 0.0 -566.162667712
1408.07891089 0.0 -566.751012116
1409.70159216 0.0 -567.255932578
1411.29773277 0.0 -567.844565594
1412.89366388 0.0 -568.432544331
1414.51995001 0.0 -568.936907696
1416.11972236 0.0 -569.52516816
1417.71928326 0.0 -570.112771394
1419.34917772 0.0 -570.616567619
1420.95258577 0.0 -571.204445671
1422.55578041 0.0 -571.791663542
1424.18928661 0.0 -572.294882564
1425.7963343 0.0 -572.88236832
1427.40316662 0.0 -573.469190944
1429.04028799 0.0 -573.971822675
1430.65097925 0.0 -574.558906227
1432.26145315 0.0 -575.145323699
1433.90219306 0.0 -575.64735803
1435.51653179 0.0 -576.234029445
1437.13065118 0.0 -576.820031833
1438.77501301 0.0 -577.321458633
1440.39300309 0.0 -577.907707957
1442.01077183 0.0 -578.493285309
1443.65875892 0.0 -578.994094422
1445.28040421 0.0 -579.579911677
1446.90182616 0.0 -580.165054014
1448.55344183 0.0 -580.665235266
1450.17874619 0.0 -581.250610449
1451.80382517 0.0 -581.83530777
1453.45907273 0.0 -582.334850961
1455.08803996 0.0 -582.919774048
1456.71677979 0.0 -583.504016329
1458.37566251 0.0 -584.002911238
1460.00829642 0.0 -584.587372179
1461.6407009 0.0 -585.171149373
1463.30322204 0.0 -585.669385757
1464.93952641 0.0 -586.253374479
1466.57559929 0.0 -586.836676515
1468.24176209 0.0 -587.334244107
1469.88174068 0.0 -587.917750516
1471.52148572 0.0 -588.500567299
1473.1912934 0.0 -588.997455813
1474.83494994 0.0 -589.580469789
1476.47837087 0.0 -590.162791201
1478.15182661 0.0 -590.658990325
1479.79916482 0.0 -591.241501726
1481.44626535 0.0 -591.823317627
1483.12337232 0.0 -592.318817029
1484.77439591 0.0 -592.900815689
1486.42517971 0.0 -593.482115914
1488.10594106 0.0 -593.97690524
1489.76065369 0.0 -594.55838097
1491.41512444 0.0 -595.139155332
1493.09954329 0.0 -595.633224204
1494.75794863 0.0 -596.214166792
1496.41610996 0.0 -596.794405079
1498.10418942 0.0 -597.2877431
1499.76629109 0.0 -597.86814231
1501.42814663 0.0 -598.447834289
1503.11988978 0.0 -598.940431037
1504.78569139 0.0 -599.52027661
1506.45124474 0.0 -600.099412023
1508.14665463 0.0 -600.591257055
1509.81615977 0.0 -601.17053871
1511.48541451 0.0 -601.749107276
1513.18449419 0.0 -602.240190128
1514.85770643 0.0 -602.818897559
1516.53066612 0.0 -603.396888975
1518.23341858 0.0 -603.887199159
1519.91034146 0.0 -604.465322037
1521.58700963 0.0 -605.042725977
1523.29343787 0.0 -605.532252984
1524.97407493 0.0 -606.109780959
1526.6544551 0.0 -606.686587072
1528.36456208 0.0 -607.175320371
1530.04891681 0.0 -607.752243068
1531.73301247 0.0 -608.328440981
1533.44680113 0.0 -608.81637002
1535.13487702 0.0 -609.392677041
1536.82269163 0.0 -609.968256358
1538.54016491 0.0 -610.455370562
1540.2319654 0.0 -611.031051486
1541.92350242 0.0 -611.606001789
1543.6446632 0.0 -612.09229056
1545.34019174 0.0 -612.667334943
1547.03545459 0.0 -613.24164579
1548.76030574 0.0 -613.727098511
1550.45956575 0.0 -614.301495887
1552.15855783 0.0 -614.875156811
1553.8871022 0.0 -615.359762842
1555.59009707 0.0 -615.933502721
1557.29282177 0.0 -616.506503236
1559.02506218 0.0 -616.990251914
1560.73179527 0.0 -617.563323782
1562.43825595 0.0 -618.135653376
1564.17419521 0.0 -618.618534019
1565.88466987 0.0 -619.190927342
1567.59486986 0.0 -619.762575481
1569.33451075 0.0 -620.244577382
1571.0487303 0.0 -620.8162816
1572.76267292 0.0 -621.387237729
1574.50601819 0.0 -621.868350161
1576.22398594 0.0 -622.439354694
1577.94167447 0.0 -623.009608231
1579.68872685 0.0 -623.489820446
1581.41044608 0.0 -624.060114689
1583.13188379 0.0 -624.629655033
1584.882646 0.0 -625.10895626
1586.60811995 0.0 -625.678529586
1588.33331009 0.0 -626.247346112
1590.0877848 0.0 -626.725725559
1591.81701671 0.0 -627.294567318
1593.54596251 0.0 -627.862649378
1595.30415237 0.0 -628.340096232
1597.03714546 0.0 -628.908195752
1598.76985011 0.0 -629.475532674
1600.53175776 0.0 -629.952036101
1602.26851521 0.0 -630.519382685
1604.00498188 0.0 -631.085963777
1605.77060994 0.0 -631.561512919
1607.51113491 0.0 -632.12809585
1609.25136677 0.0 -632.693910396
1611.02071781 0.0 -633.168494376
1612.76501345 0.0 -633.734302913
1614.50901361 0.0 -634.299340174
1616.2820902 0.0 -634.772948092
1618.03015962 0.0 -635.337971471
1619.77793119 0.0 -635.902220686
1621.55473587 0.0 -636.374841623
1623.30658216 0.0 -636.939069058
1625.05812823 0.0 -637.502519442
1626.8386635 0.0 -637.974142455
1628.59428973 0.0 -638.537563138
1630.34961337 0.0 -639.100203885
1632.13388172 0.0 -639.570818011
1633.89329094 0.0 -640.13342111
1635.65239516 0.0 -640.695241392
1637.44039906 0.0 -641.164835646
1639.20359429 0.0 -641.726610308
1640.96648211 0.0 -642.287599272
1642.75822399 0.0 -642.756162648
1644.52520823 0.0 -643.317097997
1646.29188265 0.0 -643.87724477
1648.08736491 0.0 -644.344766242
1649.85814113 0.0 -644.904851378
1651.62860511 0.0 -645.464145064
1653.42783015 0.0 -645.930613582
1655.20240131 0.0 -646.489837586
1656.97665777 0.0 -647.048267265
1658.77962796 0.0 -647.513671761
1660.55799697 0.0 -648.072023688
1662.33604885 0.0 -648.629578419
1664.14276651 0.0 -649.093907804
1665.92493628 0.0 -649.651376687
1667.70678646 0.0 -650.208045507
1669.51725391 0.0 -650.671288668
1671.30322732 0.0 -651.22786352
1673.08887866 0.0 -651.783635443
1674.90309818 0.0 -652.245781248
1676.69287809 0.0 -652.801451058
1678.48233344 0.0 -653.356315076
1680.30030729 0.0 -653.817352372
1682.09389652 0.0 -654.372106107
1683.8871587 0.0 -654.92605119
1685.70888911 0.0 -655.385968802
1687.50629046 0.0 -655.939795407
1689.30336227 0.0 -656.492810502
1691.12885145 0.0 -656.951597235
1692.93006771 0.0 -657.504485633
1694.7309519 0.0 -658.056559665
1696.56020204 0.0 -658.514204303
1698.36523595 0.0 -659.066143394
1700.16993528 0.0 -659.617265267
1702.00294853 0.0 -660.073756572
1703.81180283 0.0 -660.624735236
1705.62032001 0.0 -661.174893829
1707.45709851 0.0 -661.630220546
1709.2697759 0.0 -662.180227637
1711.08211363 0.0 -662.729411811
1712.92265946 0.0 -663.183562659
1714.73916263 0.0 -663.732587012
1716.55532358 0.0 -664.280785603
1718.39963884 0.0 -664.733749284
1720.21997043 0.0 -665.281779711
1722.03995723 0.0 -665.828981534
1723.88804397 0.0 -666.280746728
1725.71220663 0.0 -666.82777202
1727.5360219 0.0 -667.373965868
1729.38788214 0.0 -667.824521234
1731.21587846 0.0 -668.370530158
1733.04352481 0.0 -668.915704802
1734.89916054 0.0 -669.365038979
1736.7309931 0.0 -669.910020282
1738.56247309 0.0 -670.454164471
1740.4218863 0.0 -670.902266078
1742.25755765 0.0 -671.446208484
1744.09287382 0.0 -671.989310945
1745.95606644 0.0 -672.436168579
1747.79557911 0.0 -672.979060791
1749.63473398 0.0 -673.521110229
1751.50170794 0.0 -673.966712469
1753.34506443 0.0 -674.508543167
1755.18806049 0.0 -675.049528266
1757.05881768 0.0 -675.493863668
1758.90602047 0.0 -676.034621511
1760.75286019 0.0 -676.574530932
1762.62740247 0.0 -677.017588033
1764.47845401 0.0 -677.557261658
1766.32913982 0.0 -678.096084042
1768.20746903 0.0 -678.537851358
1770.06237175 0.0 -679.07642938
1771.91690607 0.0 -679.614153346
1773.79902402 0.0 -680.054619372
1775.65778031 0.0 -680.592090386
1777.51616552 0.0 -681.12870453
1779.402074 0.0 -681.567857742
1781.26468623 0.0 -682.104210319
1783.1269247 0.0 -682.639703216
1785.01662546 0.0 -683.07753207
1786.88309599 0.0 -683.612754761
1788.74919005 0.0 -684.147114965
1790.64268482 0.0 -684.583607896
1792.51301595 0.0 -685.11768923
1794.38296792 0.0 -685.650905272
1796.2802584 0.0 -686.086050696
1798.15445244 0.0 -686.618979179
1800.02826459 0.0 -687.151039571
1801.92935246 0.0 -687.584825882
1803.80741167 0.0 -688.116590001
1805.68508625 0.0 -688.647483231
1807.58997316 0.0 -689.079898805
1809.47189978 0.0 -689.610487025
1811.35343903 0.0 -690.14020156
1813.26212659 0.0 -690.571234752
1815.14792283 0.0 -691.100635515
1817.03332896 0.0 -691.629159802
1818.94581876 0.0 -692.058798947
1820.83548681 0.0 -692.587000674
1822.72476199 0.0 -693.11432314
1824.64105559 0.0 -693.542556552
1826.53459762 0.0 -694.069547644
1828.42774399 0.0 -694.59565669
1830.34784294 0.0 -695.022472666
1832.24526106 0.0 -695.548241503
1834.14228075 0.0 -696.073125512
1836.06618655 0.0 -696.498512327
1837.96748289 0.0 -697.023047265
1839.86837799 0.0 -697.546694599
1841.79609211 0.0 -697.970640508
1843.70126874 0.0 -698.493929885
1845.60604132 0.0 -699.016328883
1847.53756523 0.0 -699.438822122
1849.44662419 0.0 -699.960854253
1851.35527629 0.0 -700.481993234
1853.2906114 0.0 -700.90302202
1855.20355473 0.0 -701.423785199
1857.11608836 0.0 -701.943652462
1859.05523607 0.0 -702.363204991
1860.97206575 0.0 -702.882687492
1862.88848291 0.0 -703.401271312
1864.83144457 0.0 -703.819335761
1866.75216259 0.0 -704.337525836
1868.67246522 0.0 -704.85481447
1870.61924219 0.0 -705.271378997
1872.54385048 0.0 -705.788264876
1874.46804052 0.0 -706.304246558
1876.41863409 0.0 -706.719299301
1878.34713456 0.0 -707.234869195
1880.27521392 0.0 -707.74953214
1882.22962537 0.0 -708.163061217
1884.16201992 0.0 -708.677303315
1886.09399046 0.0 -709.190635715
1888.05222105 0.0 -709.602629225
1889.98851152 0.0 -710.115531696
1891.9243751 0.0 -710.627521723
1893.88642604 0.0 -711.037967747
1895.82661428 0.0 -711.549518738
1897.76637271 0.0 -712.060154544
1899.73224521 0.0 -712.469041142
1901.67633301 0.0 -712.97922878
1903.61998808 0.0 -713.488498495
1905.58968329 0.0 -713.895813708
1907.53767243 0.0 -714.404626099
1909.48522591 0.0 -714.912517833
1911.45874497 0.0 -715.318249683
1913.41063719 0.0 -715.825674913
1915.36209081 0.0 -716.332176755
1917.33943482 0.0 -716.736313245
1919.29523184 0.0 -717.242339378
1921.25058731 0.0 -717.747439397
1923.23175735 0.0 -718.14996851
1925.19146086 0.0 -718.654583591
1927.15071986 0.0 -719.158269835
1929.13571697 0.0 -719.559179537
1931.09932863 0.0 -720.062371588
1933.06249281 0.0 -720.564632084
1935.05131801 0.0 -720.963910321
1937.01883945 0.0 -721.465667346
1938.98591043 0.0 -721.966490101
1940.97856471 0.0 -722.364124799
1942.94999754 0.0 -722.86443478
1944.92097691 0.0 -723.363807782
1946.91746121 0.0 -723.759786848
1948.892807 0.0 -724.258637748
1950.86769633 0.0 -724.756548962
1952.86801159 0.0 -725.150860285
1954.84727189 0.0 -725.648240046
1956.8260727 0.0 -726.144677418
1958.83021983 0.0 -726.537308869
1960.81339615 0.0 -727.033205412
1962.79610996 0.0 -727.528156868
1964.8040898 0.0 -727.919096298
1966.79118363 0.0 -728.413497524
1968.77781191 0.0 -728.906950969
1970.78962532 0.0 -729.296186211
1972.78063812 0.0 -729.789080001
1974.77118232 0.0 -730.28102332
1976.7868301 0.0 -730.668542188
1978.78176329 0.0 -731.159916403
1980.77622483 0.0 -731.65033746
1982.79570775 0.0 -732.03612775
1984.79456274 0.0 -732.52597023
1986.79294301 0.0 -733.014856872
1988.81626182 0.0 -733.39890636
1990.81903998 0.0 -733.887204926
1992.82134033 0.0 -734.374544976
1994.84849575 0.0 -734.756841421
1996.85519842 0.0 -735.243583874
1998.86142019 0.0 -735.729365137
2000.89241289 0.0 -736.109896279
2002.90304139 0.0 -736.595070398
2004.91318587 0.0 -737.07928066
2006.94801652 0.0 -737.45803422
2008.96257212 0.0 -737.941627767
2010.97664059 0.0 -738.424254792
2013.01530981 0.0 -738.801218474
2015.03379376 0.0 -739.283219189
2017.05178746 0.0 -739.764250723
2019.09429584 0.0 -740.139412211
2021.11670937 0.0 -740.619807815
2023.1386295 0.0 -741.099231582
2025.1849776 0.0 -741.472578543
2027.2113219 0.0 -741.951356737
2029.23716966 0.0 -742.429160443
2031.28735801 0.0 -742.800680527
2033.31763425 0.0 -743.277828992
2035.34741077 0.0 -743.754000323
2037.40143988 0.0 -744.123681159
2039.43564917 0.0 -744.599187557
2041.46935559 0.0 -745.073714179
2043.52722592 0.0 -745.44154338
2045.56536938 0.0 -745.915395353
2047.60300678 0.0 -746.388264912
2049.66471877 0.0 -746.754230072
2051.70679746 0.0 -747.226415242
2053.74836691 0.0 -747.697615366
2055.81392096 0.0 -748.061704062
2057.85993593 0.0 -748.532210032
2059.90543844 0.0 -749.001728328
2061.97483493 0.0 -749.363928119
2064.02478719 0.0 -749.832742471
2066.07422378 0.0 -750.300566528
2068.14746305 0.0 -750.660864953
2070.20135358 0.0 -751.127975253
2072.2547252 0.0 -751.594092638
2074.33180757 0.0 -751.952477222
2076.38963731 0.0 -752.417871013
2078.44694491 0.0 -752.882269276
2080.52787065 0.0 -753.238727523
2082.58964052 0.0 -753.702392332
2084.65088501 0.0 -754.165059002
2086.73565437 0.0 -754.5195784
2088.80136527 0.0 -754.981501731
2090.86654751 0.0 -755.442424321
2092.95516071 0.0 -755.79499234
2095.02481348 0.0 -756.25516168
2097.09393434 0.0 -756.71432768
2099.18639155 0.0 -757.064931773
2101.25998703 0.0 -757.52333459
2103.3330473 0.0 -757.980731472
2105.42934868 0.0 -758.329359073
2107.50688766 0.0 -758.785982816
2109.58388813 0.0 -759.241598033
2111.68403381 0.0 -759.588236561
2113.76551704 0.0 -760.043068658
2115.84645847 0.0 -760.496889646
2117.95044853 0.0 -760.841526501
2120.03587675 0.0 -761.294554363
2122.12075986 0.0 -761.746568536
2124.22859435 0.0 -762.0891911
2126.31796826 0.0 -762.540402118
2128.40679373 0.0 -762.990596873
2130.51847267 0.0 -763.331192512
2132.61179295 0.0 -763.780574058
2134.70456144 0.0 -764.228936773
2136.82008483 0.0 -764.567492835
2138.9173521 0.0 -765.015032264
2141.01406424 0.0 -765.461550297
2143.13343203 0.0 -765.798054114
2145.2346469 0.0 -766.243738761
2147.33530328 0.0 -766.688399452
2149.4585154 0.0 -767.022838338
2151.56367845 0.0 -767.466655518
2153.66827963 0.0 -767.909446188
2155.79533597 0.0 -768.241807441
2157.90444774 0.0 -768.683744452
2160.01299425 0.0 -769.124652404
2162.14389467 0.0 -769.454923304
2164.25695566 0.0 -769.894967424
2166.369448 0.0 -770.333979943
2168.50419233 0.0 -770.662147752
2170.62120302 0.0 -771.100286243
2172.73764166 0.0 -771.537390593
2174.87622969 0.0 -771.86344256
2176.99719053 0.0 -772.299662662
2179.1175759 0.0 -772.734846092
2181.26000739 0.0 -773.058769445
2183.38491879 0.0 -773.493058381
2185.50925129 0.0 -773.926308119
2187.65552596 0.0 -774.248090072
2189.78438831 0.0 -774.680435049
2191.91266831 0.0 -775.111738305
2194.06278586 0.0 -775.431366054
2196.1955995 0.0 -775.861754258
2198.32782734 0.0 -776.291098223
2200.48178743 0.0 -776.608558949
2202.61855267 0.0 -777.036977548
2204.75472866 0.0 -777.464349397
2206.91253091 0.0 -777.779630264
2209.05324804 0.0 -778.206066407
2211.19337245 0.0 -778.631453296
2213.35501646 0.0 -778.944541449
2215.49968572 0.0 -779.36898227
2217.64375879 0.0 -779.792371336
2219.80924411 0.0 -780.103253907
2221.95786574 0.0 -780.525686519
2224.10588766 0.0 -780.947064882
2226.27521383 0.0 -781.255728985
2228.42778799 0.0 -781.676140483
2230.57975895 0.0 -782.095495245
2232.75292546 0.0 -782.401927978
2234.90945231 0.0 -782.820305441
2237.06537244 0.0 -783.237623684
2239.24237874 0.0 -783.54181213
2241.40285841 0.0 -783.958142618
2243.56272782 0.0 -784.373411408
2245.74357333 0.0 -784.675342632
2247.9080059 0.0 -785.089613187
2250.07182467 0.0 -785.502819573
2252.25650879 0.0 -785.802480624
